ForecastId,ConfirmedCases,Fatalities
1,197,4
2,217,4
3,237,4
4,257,4
5,275,4
6,292,4
7,308,4
8,321,4
9,334,4
10,344,4
11,353,4
12,361,4
13,368,4
14,373,4
15,378,4
16,382,4
17,385,4
18,388,4
19,390,4
20,391,4
21,393,4
22,394,4
23,395,4
24,396,4
25,397,4
26,397,4
27,398,4
28,398,4
29,398,4
30,398,4
31,399,4
32,399,4
33,399,4
34,399,4
35,399,4
36,399,4
37,399,4
38,399,4
39,399,4
40,399,4
41,399,4
42,399,4
43,399,4
44,258,17
45,271,19
46,283,22
47,294,26
48,303,29
49,312,33
50,319,36
51,325,40
52,330,44
53,335,48
54,339,52
55,342,56
56,345,59
57,347,63
58,349,66
59,351,68
60,352,71
61,353,73
62,354,75
63,355,76
64,355,78
65,356,79
66,356,80
67,357,81
68,357,81
69,357,82
70,358,83
71,358,83
72,358,83
73,358,84
74,358,84
75,358,84
76,358,84
77,358,85
78,358,85
79,358,85
80,358,85
81,358,85
82,358,85
83,359,85
84,359,85
85,359,85
86,359,85
87,763,42
88,841,45
89,917,47
90,991,49
91,1060,51
92,1125,52
93,1184,54
94,1236,55
95,1283,56
96,1324,57
97,1359,57
98,1389,58
99,1415,58
100,1437,59
101,1455,59
102,1470,59
103,1483,59
104,1493,60
105,1502,60
106,1509,60
107,1515,60
108,1520,60
109,1524,60
110,1527,60
111,1530,60
112,1532,60
113,1534,60
114,1535,60
115,1536,60
116,1537,60
117,1538,60
118,1539,60
119,1539,60
120,1540,60
121,1540,60
122,1541,60
123,1541,60
124,1541,60
125,1541,60
126,1541,60
127,1541,60
128,1541,60
129,1542,60
130,402,17
131,418,24
132,430,35
133,439,50
134,446,71
135,451,102
136,455,146
137,458,209
138,460,299
139,462,429
140,463,614
141,464,879
142,465,1258
143,465,1800
144,466,2574
145,466,3678
146,466,5250
147,466,7484
148,467,10647
149,467,15102
150,467,21337
151,467,29977
152,467,41792
153,467,57657
154,467,78447
155,467,104840
156,467,137026
157,467,174406
158,467,215437
159,467,257775
160,467,298768
161,467,336080
162,467,368182
163,467,394489
164,467,415200
165,467,430998
166,467,442760
167,467,451359
168,467,457563
169,467,461997
170,467,465143
171,467,467366
172,467,468930
173,8,2
174,8,2
175,8,2
176,8,2
177,9,2
178,9,2
179,9,2
180,9,2
181,9,2
182,9,2
183,9,2
184,9,2
185,9,2
186,9,2
187,9,2
188,9,2
189,9,2
190,9,2
191,9,2
192,9,2
193,9,2
194,9,2
195,9,2
196,9,2
197,9,2
198,9,2
199,9,2
200,9,2
201,9,2
202,9,2
203,9,2
204,9,2
205,9,2
206,9,2
207,9,2
208,9,2
209,9,2
210,9,2
211,9,2
212,9,2
213,9,2
214,9,2
215,9,2
216,7,0
217,8,0
218,8,0
219,8,0
220,8,0
221,8,0
222,8,0
223,8,0
224,8,0
225,8,0
226,8,0
227,8,0
228,8,0
229,8,0
230,8,0
231,8,0
232,8,0
233,8,0
234,8,0
235,8,0
236,8,0
237,8,0
238,8,0
239,8,0
240,8,0
241,8,0
242,8,0
243,8,0
244,8,0
245,8,0
246,8,0
247,8,0
248,8,0
249,8,0
250,8,0
251,8,0
252,8,0
253,8,0
254,8,0
255,8,0
256,8,0
257,8,0
258,8,0
259,1101,33
260,1202,39
261,1295,46
262,1380,54
263,1456,62
264,1522,71
265,1578,80
266,1625,89
267,1665,98
268,1698,107
269,1724,115
270,1746,123
271,1764,130
272,1778,136
273,1789,142
274,1798,146
275,1805,150
276,1811,154
277,1815,156
278,1819,159
279,1822,161
280,1824,162
281,1826,163
282,1827,164
283,1828,165
284,1829,166
285,1830,167
286,1830,167
287,1831,167
288,1831,168
289,1832,168
290,1832,168
291,1832,168
292,1832,168
293,1832,169
294,1832,169
295,1832,169
296,1832,169
297,1832,169
298,1832,169
299,1832,169
300,1832,169
301,1833,169
302,547,3
303,576,3
304,603,3
305,625,3
306,645,3
307,661,3
308,675,3
309,687,3
310,696,3
311,704,3
312,710,3
313,716,3
314,720,3
315,723,3
316,726,3
317,728,3
318,730,3
319,731,3
320,732,3
321,733,3
322,734,3
323,735,3
324,735,3
325,735,3
326,736,3
327,736,3
328,736,3
329,736,3
330,737,3
331,737,3
332,737,3
333,737,3
334,737,3
335,737,3
336,737,3
337,737,3
338,737,3
339,737,3
340,737,3
341,737,3
342,737,3
343,737,3
344,737,3
345,82,1
346,83,1
347,84,1
348,85,1
349,85,1
350,85,1
351,85,1
352,85,1
353,85,1
354,85,1
355,85,1
356,85,1
357,85,1
358,85,1
359,85,1
360,85,1
361,85,1
362,85,1
363,85,1
364,85,1
365,85,1
366,85,1
367,85,1
368,85,1
369,85,1
370,85,1
371,85,1
372,85,1
373,85,1
374,85,1
375,85,1
376,85,1
377,85,1
378,85,1
379,85,1
380,85,1
381,85,1
382,85,1
383,85,1
384,85,1
385,85,1
386,85,1
387,85,1
388,2257,8
389,2382,8
390,2488,8
391,2577,9
392,2649,9
393,2708,9
394,2756,9
395,2793,9
396,2823,9
397,2846,9
398,2864,9
399,2879,9
400,2890,9
401,2898,9
402,2905,9
403,2910,9
404,2914,9
405,2917,9
406,2920,9
407,2921,9
408,2923,9
409,2924,9
410,2925,9
411,2926,9
412,2926,9
413,2926,9
414,2927,9
415,2927,9
416,2927,9
417,2927,9
418,2927,9
419,2927,9
420,2928,9
421,2928,9
422,2928,9
423,2928,9
424,2928,9
425,2928,9
426,2928,9
427,2928,9
428,2928,9
429,2928,9
430,2928,9
431,18,0
432,18,0
433,19,0
434,19,0
435,19,0
436,19,0
437,19,0
438,19,0
439,19,0
440,19,0
441,19,0
442,19,0
443,19,0
444,19,0
445,20,0
446,20,0
447,20,0
448,20,0
449,20,0
450,20,0
451,20,0
452,20,0
453,20,0
454,20,0
455,20,0
456,20,0
457,20,0
458,20,0
459,20,0
460,20,0
461,20,0
462,20,0
463,20,0
464,20,0
465,20,0
466,20,0
467,20,0
468,20,0
469,20,0
470,20,0
471,20,0
472,20,0
473,20,0
474,762,2
475,784,2
476,802,2
477,816,2
478,826,2
479,834,2
480,841,2
481,846,2
482,849,2
483,852,2
484,854,2
485,856,2
486,857,2
487,858,2
488,858,2
489,859,2
490,859,2
491,860,2
492,860,2
493,860,2
494,860,2
495,860,2
496,860,2
497,860,2
498,860,2
499,860,2
500,860,2
501,860,2
502,860,2
503,860,2
504,860,2
505,860,2
506,860,2
507,860,2
508,860,2
509,860,2
510,860,2
511,860,2
512,860,2
513,860,2
514,860,2
515,860,2
516,860,2
517,342,0
518,350,0
519,356,0
520,360,0
521,362,0
522,365,0
523,366,0
524,367,0
525,368,0
526,368,0
527,369,0
528,369,0
529,369,0
530,369,0
531,369,0
532,369,0
533,369,0
534,369,0
535,370,0
536,370,0
537,370,0
538,370,0
539,370,0
540,370,0
541,370,0
542,370,0
543,370,0
544,370,0
545,370,0
546,370,0
547,370,0
548,370,0
549,370,0
550,370,0
551,370,0
552,370,0
553,370,0
554,370,0
555,370,0
556,370,0
557,370,0
558,370,0
559,370,0
560,76,19
561,79,19
562,81,19
563,83,19
564,85,19
565,86,19
566,87,19
567,88,19
568,88,19
569,89,19
570,89,19
571,89,19
572,90,19
573,90,19
574,90,19
575,90,19
576,90,19
577,90,19
578,90,19
579,90,19
580,90,19
581,90,19
582,90,19
583,90,19
584,90,19
585,90,19
586,90,19
587,90,19
588,90,19
589,90,19
590,90,19
591,90,19
592,90,19
593,90,19
594,90,19
595,90,19
596,90,19
597,90,19
598,90,19
599,90,19
600,90,19
601,90,19
602,90,19
603,954,4
604,1004,4
605,1047,4
606,1083,4
607,1112,4
608,1137,4
609,1157,4
610,1173,4
611,1185,4
612,1196,4
613,1204,4
614,1210,4
615,1215,4
616,1219,4
617,1222,4
618,1224,4
619,1226,4
620,1228,4
621,1229,4
622,1230,4
623,1230,4
624,1231,4
625,1231,4
626,1232,4
627,1232,4
628,1232,4
629,1232,4
630,1233,4
631,1233,4
632,1233,4
633,1233,4
634,1233,4
635,1233,4
636,1233,4
637,1233,4
638,1233,4
639,1233,4
640,1233,4
641,1233,4
642,1233,4
643,1233,4
644,1233,4
645,1233,4
646,389,2
647,408,2
648,424,2
649,437,2
650,448,2
651,456,2
652,463,2
653,469,2
654,473,2
655,476,2
656,479,2
657,481,2
658,482,2
659,484,2
660,484,2
661,485,2
662,486,2
663,486,2
664,486,2
665,487,2
666,487,2
667,487,2
668,487,2
669,487,2
670,487,2
671,487,2
672,487,2
673,487,2
674,488,2
675,488,2
676,488,2
677,488,2
678,488,2
679,488,2
680,488,2
681,488,2
682,488,2
683,488,2
684,488,2
685,488,2
686,488,2
687,488,2
688,488,2
689,10593,148
690,10976,169
691,11291,188
692,11546,205
693,11751,220
694,11914,233
695,12043,243
696,12144,251
697,12223,257
698,12285,262
699,12333,266
700,12370,269
701,12399,271
702,12421,272
703,12438,274
704,12451,275
705,12462,275
706,12470,276
707,12476,276
708,12481,276
709,12484,277
710,12487,277
711,12489,277
712,12491,277
713,12492,277
714,12493,277
715,12494,277
716,12494,277
717,12495,277
718,12495,277
719,12496,277
720,12496,277
721,12496,277
722,12496,277
723,12496,277
724,12496,277
725,12496,277
726,12496,277
727,12496,277
728,12496,277
729,12496,277
730,12496,277
731,12496,277
732,365,6
733,434,7
734,518,8
735,617,9
736,734,10
737,875,11
738,1042,12
739,1241,14
740,1478,15
741,1760,17
742,2096,19
743,2496,21
744,2971,23
745,3537,25
746,4209,27
747,5007,29
748,5955,31
749,7080,33
750,8414,35
751,9994,36
752,11864,38
753,14073,40
754,16680,41
755,19751,42
756,23359,44
757,27588,45
758,32531,46
759,38287,47
760,44964,47
761,52673,48
762,61525,49
763,71626,49
764,83072,50
765,95937,50
766,110267,51
767,126070,51
768,143305,51
769,161876,52
770,181628,52
771,202348,52
772,223771,52
773,245590,52
774,267477,52
775,15,0
776,16,0
777,17,0
778,18,0
779,18,0
780,19,0
781,19,0
782,20,0
783,20,0
784,20,0
785,20,0
786,20,0
787,20,0
788,20,0
789,20,0
790,21,0
791,21,0
792,21,0
793,21,0
794,21,0
795,21,0
796,21,0
797,21,0
798,21,0
799,21,0
800,21,0
801,21,0
802,21,0
803,21,0
804,21,0
805,21,0
806,21,0
807,21,0
808,21,0
809,21,0
810,21,0
811,21,0
812,21,0
813,21,0
814,21,0
815,21,0
816,21,0
817,21,0
818,559,4
819,575,4
820,589,4
821,603,4
822,615,4
823,626,4
824,637,4
825,646,4
826,655,4
827,662,4
828,669,4
829,675,4
830,681,4
831,686,4
832,690,4
833,694,4
834,698,4
835,701,4
836,704,4
837,706,4
838,708,4
839,710,4
840,712,4
841,713,4
842,715,4
843,716,4
844,717,4
845,718,4
846,719,4
847,719,4
848,720,4
849,721,4
850,721,4
851,722,4
852,722,4
853,722,4
854,723,4
855,723,4
856,723,4
857,723,4
858,723,4
859,724,4
860,724,4
861,52,5
862,52,5
863,52,5
864,53,5
865,53,5
866,53,5
867,53,5
868,53,5
869,53,5
870,53,5
871,53,5
872,53,5
873,53,5
874,53,5
875,53,5
876,53,5
877,53,5
878,53,5
879,53,5
880,53,5
881,53,5
882,53,5
883,53,5
884,53,5
885,53,5
886,53,5
887,53,5
888,53,5
889,53,5
890,53,5
891,53,5
892,53,5
893,53,5
894,53,5
895,53,5
896,53,5
897,53,5
898,53,5
899,53,5
900,53,5
901,53,5
902,53,5
903,53,5
904,35,0
905,36,0
906,37,0
907,38,0
908,38,0
909,38,0
910,38,0
911,39,0
912,39,0
913,39,0
914,39,0
915,39,0
916,39,0
917,39,0
918,39,0
919,39,0
920,39,0
921,39,0
922,39,0
923,39,0
924,39,0
925,39,0
926,39,0
927,39,0
928,39,0
929,39,0
930,39,0
931,39,0
932,39,0
933,39,0
934,39,0
935,39,0
936,39,0
937,39,0
938,39,0
939,39,0
940,39,0
941,39,0
942,39,0
943,39,0
944,39,0
945,39,0
946,39,0
947,141,19
948,147,19
949,152,19
950,158,19
951,162,19
952,166,19
953,170,19
954,174,19
955,177,19
956,179,19
957,182,19
958,184,19
959,185,19
960,187,19
961,188,19
962,189,19
963,190,19
964,191,19
965,192,19
966,193,19
967,193,19
968,194,19
969,194,19
970,194,19
971,195,19
972,195,19
973,195,19
974,195,19
975,196,19
976,196,19
977,196,19
978,196,19
979,196,19
980,196,19
981,196,19
982,196,19
983,196,19
984,196,19
985,196,19
986,196,19
987,196,19
988,196,19
989,196,19
990,14796,838
991,16380,1012
992,17935,1201
993,19427,1402
994,20830,1606
995,22123,1806
996,23294,1995
997,24336,2168
998,25250,2322
999,26043,2454
1000,26721,2566
1001,27297,2658
1002,27782,2732
1003,28187,2792
1004,28523,2839
1005,28802,2876
1006,29031,2905
1007,29219,2927
1008,29374,2945
1009,29500,2958
1010,29602,2968
1011,29686,2976
1012,29754,2982
1013,29810,2986
1014,29855,2990
1015,29891,2993
1016,29921,2995
1017,29945,2996
1018,29964,2997
1019,29980,2998
1020,29993,2999
1021,30003,2999
1022,30012,3000
1023,30019,3000
1024,30024,3000
1025,30029,3001
1026,30032,3001
1027,30035,3001
1028,30037,3001
1029,30039,3001
1030,30041,3001
1031,30042,3001
1032,30043,3001
1033,3,0
1034,3,0
1035,3,0
1036,3,0
1037,3,0
1038,3,0
1039,3,0
1040,3,0
1041,3,0
1042,3,0
1043,3,0
1044,3,0
1045,3,0
1046,3,0
1047,3,0
1048,3,0
1049,3,0
1050,3,0
1051,3,0
1052,3,0
1053,3,0
1054,3,0
1055,3,0
1056,3,0
1057,3,0
1058,3,0
1059,3,0
1060,3,0
1061,3,0
1062,3,0
1063,3,0
1064,3,0
1065,3,0
1066,3,0
1067,3,0
1068,3,0
1069,3,0
1070,3,0
1071,3,0
1072,3,0
1073,3,0
1074,3,0
1075,3,0
1076,7,0
1077,7,0
1078,7,0
1079,7,0
1080,7,0
1081,7,0
1082,7,0
1083,7,0
1084,7,0
1085,7,0
1086,7,0
1087,7,0
1088,7,0
1089,7,0
1090,7,0
1091,7,0
1092,7,0
1093,7,0
1094,7,0
1095,7,0
1096,7,0
1097,7,0
1098,7,0
1099,7,0
1100,7,0
1101,7,0
1102,7,0
1103,7,0
1104,7,0
1105,7,0
1106,7,0
1107,7,0
1108,7,0
1109,7,0
1110,7,0
1111,7,0
1112,7,0
1113,7,0
1114,7,0
1115,7,0
1116,7,0
1117,7,0
1118,7,0
1119,5,0
1120,5,0
1121,5,0
1122,6,0
1123,7,0
1124,7,0
1125,8,0
1126,9,0
1127,9,0
1128,10,0
1129,11,0
1130,12,0
1131,13,0
1132,15,0
1133,16,0
1134,17,0
1135,19,0
1136,21,0
1137,22,0
1138,24,0
1139,27,0
1140,29,0
1141,32,0
1142,34,0
1143,37,0
1144,40,0
1145,44,0
1146,48,0
1147,51,0
1148,56,0
1149,60,0
1150,65,0
1151,70,0
1152,76,0
1153,81,0
1154,87,0
1155,94,0
1156,100,0
1157,107,0
1158,115,0
1159,122,0
1160,130,0
1161,138,0
1162,128,6
1163,147,6
1164,167,6
1165,188,6
1166,210,6
1167,232,6
1168,253,6
1169,274,6
1170,293,6
1171,311,6
1172,328,6
1173,343,6
1174,356,6
1175,368,6
1176,378,6
1177,386,6
1178,393,6
1179,399,6
1180,405,6
1181,409,6
1182,412,6
1183,415,6
1184,418,6
1185,420,6
1186,422,6
1187,423,6
1188,424,6
1189,425,6
1190,426,6
1191,426,6
1192,427,6
1193,427,6
1194,428,6
1195,428,6
1196,428,6
1197,428,6
1198,428,6
1199,429,6
1200,429,6
1201,429,6
1202,429,6
1203,429,6
1204,429,6
1205,462,17
1206,511,23
1207,560,31
1208,608,41
1209,654,55
1210,697,73
1211,736,97
1212,772,130
1213,804,174
1214,833,233
1215,857,311
1216,879,415
1217,897,555
1218,913,741
1219,926,991
1220,937,1323
1221,946,1767
1222,954,2359
1223,960,3147
1224,966,4197
1225,970,5594
1226,974,7447
1227,977,9902
1228,979,13143
1229,981,17405
1230,983,22981
1231,984,30225
1232,985,39553
1233,986,51428
1234,987,66326
1235,988,84677
1236,988,106782
1237,989,132699
1238,989,162140
1239,989,194411
1240,989,228424
1241,990,262827
1242,990,296202
1243,990,327297
1244,990,355195
1245,990,379388
1246,990,399760
1247,990,416491
1248,4,19
1249,4,19
1250,4,19
1251,4,19
1252,4,19
1253,4,19
1254,4,19
1255,4,19
1256,4,19
1257,4,19
1258,4,19
1259,4,19
1260,4,19
1261,4,19
1262,4,19
1263,4,19
1264,4,19
1265,4,19
1266,4,19
1267,4,19
1268,4,19
1269,4,19
1270,4,19
1271,4,19
1272,4,19
1273,4,19
1274,4,19
1275,4,19
1276,4,19
1277,4,19
1278,4,19
1279,4,19
1280,4,19
1281,4,19
1282,4,19
1283,4,19
1284,4,19
1285,4,19
1286,4,19
1287,4,19
1288,4,19
1289,4,19
1290,4,19
1291,5690,222
1292,6007,248
1293,6274,271
1294,6494,291
1295,6672,307
1296,6814,321
1297,6926,331
1298,7015,340
1299,7084,346
1300,7137,351
1301,7178,354
1302,7210,357
1303,7234,359
1304,7253,361
1305,7267,362
1306,7278,362
1307,7286,363
1308,7293,363
1309,7297,364
1310,7301,364
1311,7304,364
1312,7306,364
1313,7308,364
1314,7309,365
1315,7310,365
1316,7311,365
1317,7311,365
1318,7312,365
1319,7312,365
1320,7312,365
1321,7312,365
1322,7313,365
1323,7313,365
1324,7313,365
1325,7313,365
1326,7313,365
1327,7313,365
1328,7313,365
1329,7313,365
1330,7313,365
1331,7313,365
1332,7313,365
1333,7313,365
1334,125,1
1335,125,1
1336,126,1
1337,126,1
1338,127,1
1339,127,1
1340,127,1
1341,127,1
1342,127,1
1343,127,1
1344,128,1
1345,128,1
1346,128,1
1347,128,1
1348,128,1
1349,128,1
1350,128,1
1351,128,1
1352,128,1
1353,128,1
1354,128,1
1355,128,1
1356,128,1
1357,128,1
1358,128,1
1359,128,1
1360,128,1
1361,128,1
1362,128,1
1363,128,1
1364,128,1
1365,128,1
1366,128,1
1367,128,1
1368,128,1
1369,128,1
1370,128,1
1371,128,1
1372,128,1
1373,128,1
1374,128,1
1375,128,1
1376,128,1
1377,395,9
1378,407,11
1379,416,12
1380,424,14
1381,430,15
1382,435,17
1383,439,20
1384,442,22
1385,444,25
1386,446,28
1387,448,32
1388,449,36
1389,450,41
1390,451,46
1391,452,52
1392,452,59
1393,452,66
1394,453,75
1395,453,84
1396,453,95
1397,453,107
1398,453,121
1399,454,137
1400,454,155
1401,454,175
1402,454,197
1403,454,223
1404,454,251
1405,454,284
1406,454,320
1407,454,362
1408,454,408
1409,454,461
1410,454,520
1411,454,587
1412,454,663
1413,454,748
1414,454,845
1415,454,953
1416,454,1076
1417,454,1214
1418,454,1369
1419,454,1545
1420,268,15
1421,277,15
1422,284,16
1423,289,16
1424,292,17
1425,295,17
1426,297,17
1427,299,17
1428,300,17
1429,301,17
1430,301,17
1431,302,17
1432,302,17
1433,302,17
1434,302,17
1435,303,17
1436,303,17
1437,303,17
1438,303,17
1439,303,17
1440,303,17
1441,303,17
1442,303,17
1443,303,17
1444,303,17
1445,303,17
1446,303,17
1447,303,17
1448,303,17
1449,303,17
1450,303,17
1451,303,17
1452,303,17
1453,303,17
1454,303,17
1455,303,17
1456,303,17
1457,303,17
1458,303,17
1459,303,17
1460,303,17
1461,303,17
1462,303,17
1463,15,19
1464,15,19
1465,15,19
1466,15,19
1467,15,19
1468,15,19
1469,15,19
1470,15,19
1471,15,19
1472,15,19
1473,15,19
1474,15,19
1475,15,19
1476,15,19
1477,15,19
1478,15,19
1479,15,19
1480,15,19
1481,15,19
1482,15,19
1483,15,19
1484,15,19
1485,15,19
1486,15,19
1487,15,19
1488,15,19
1489,15,19
1490,15,19
1491,15,19
1492,15,19
1493,15,19
1494,15,19
1495,15,19
1496,15,19
1497,15,19
1498,15,19
1499,15,19
1500,15,19
1501,15,19
1502,15,19
1503,15,19
1504,15,19
1505,15,19
1506,54,0
1507,54,0
1508,54,0
1509,54,0
1510,54,0
1511,54,0
1512,54,0
1513,54,0
1514,54,0
1515,54,0
1516,54,0
1517,54,0
1518,54,0
1519,54,0
1520,54,0
1521,54,0
1522,54,0
1523,54,0
1524,54,0
1525,54,0
1526,54,0
1527,54,0
1528,54,0
1529,54,0
1530,54,0
1531,54,0
1532,54,0
1533,54,0
1534,54,0
1535,54,0
1536,54,0
1537,54,0
1538,54,0
1539,54,0
1540,54,0
1541,54,0
1542,54,0
1543,54,0
1544,54,0
1545,54,0
1546,54,0
1547,54,0
1548,54,0
1549,6,1
1550,6,1
1551,6,1
1552,6,1
1553,6,1
1554,6,1
1555,6,1
1556,6,1
1557,6,1
1558,6,1
1559,6,1
1560,6,1
1561,6,1
1562,6,1
1563,6,1
1564,6,1
1565,6,1
1566,6,1
1567,6,1
1568,6,1
1569,6,1
1570,6,1
1571,6,1
1572,6,1
1573,6,1
1574,6,1
1575,6,1
1576,6,1
1577,6,1
1578,6,1
1579,6,1
1580,6,1
1581,6,1
1582,6,1
1583,6,1
1584,6,1
1585,6,1
1586,6,1
1587,6,1
1588,6,1
1589,6,1
1590,6,1
1591,6,1
1592,105,0
1593,106,0
1594,106,0
1595,106,0
1596,106,0
1597,106,0
1598,106,0
1599,106,0
1600,106,0
1601,106,0
1602,106,0
1603,106,0
1604,106,0
1605,106,0
1606,106,0
1607,106,0
1608,106,0
1609,106,0
1610,106,0
1611,106,0
1612,106,0
1613,106,0
1614,106,0
1615,106,0
1616,106,0
1617,106,0
1618,106,0
1619,106,0
1620,106,0
1621,106,0
1622,106,0
1623,106,0
1624,106,0
1625,106,0
1626,106,0
1627,106,0
1628,106,0
1629,106,0
1630,106,0
1631,106,0
1632,106,0
1633,106,0
1634,106,0
1635,211,7
1636,243,7
1637,278,7
1638,314,7
1639,350,7
1640,387,7
1641,424,7
1642,458,7
1643,491,7
1644,521,7
1645,549,7
1646,573,7
1647,594,7
1648,613,7
1649,629,7
1650,643,7
1651,654,7
1652,664,7
1653,672,7
1654,679,7
1655,684,7
1656,689,7
1657,692,7
1658,695,7
1659,698,7
1660,700,7
1661,702,7
1662,703,7
1663,704,7
1664,705,7
1665,706,7
1666,706,7
1667,707,7
1668,707,7
1669,707,7
1670,708,7
1671,708,7
1672,708,7
1673,708,7
1674,708,7
1675,708,7
1676,708,7
1677,709,7
1678,716,9
1679,738,13
1680,755,17
1681,768,24
1682,779,34
1683,786,47
1684,793,66
1685,797,92
1686,801,129
1687,803,180
1688,805,251
1689,807,350
1690,808,488
1691,809,680
1692,809,949
1693,810,1323
1694,810,1843
1695,810,2568
1696,811,3576
1697,811,4975
1698,811,6914
1699,811,9593
1700,811,13281
1701,811,18331
1702,811,25198
1703,811,34445
1704,811,46735
1705,811,62793
1706,811,83306
1707,811,108770
1708,811,139280
1709,811,174324
1710,811,212672
1711,811,252474
1712,811,291582
1713,811,327993
1714,811,360230
1715,811,387526
1716,811,409778
1717,811,427365
1718,811,440927
1719,811,451188
1720,811,458840
1721,1028,21
1722,1055,22
1723,1075,22
1724,1092,23
1725,1105,23
1726,1115,23
1727,1123,24
1728,1129,24
1729,1133,24
1730,1137,24
1731,1140,24
1732,1142,24
1733,1143,24
1734,1145,24
1735,1146,24
1736,1146,24
1737,1147,24
1738,1147,24
1739,1148,24
1740,1148,24
1741,1148,24
1742,1148,24
1743,1148,24
1744,1148,24
1745,1148,24
1746,1148,24
1747,1149,25
1748,1149,25
1749,1149,25
1750,1149,25
1751,1149,25
1752,1149,25
1753,1149,25
1754,1149,25
1755,1149,25
1756,1149,25
1757,1149,25
1758,1149,25
1759,1149,25
1760,1149,25
1761,1149,25
1762,1149,25
1763,1149,25
1764,130,1
1765,157,1
1766,191,1
1767,232,1
1768,282,1
1769,343,1
1770,417,1
1771,506,1
1772,615,1
1773,747,1
1774,907,1
1775,1102,1
1776,1338,1
1777,1625,1
1778,1973,1
1779,2396,1
1780,2908,1
1781,3529,1
1782,4281,1
1783,5192,1
1784,6295,1
1785,7628,1
1786,9237,1
1787,11179,1
1788,13518,1
1789,16330,1
1790,19704,1
1791,23739,1
1792,28553,1
1793,34272,1
1794,41037,1
1795,48996,1
1796,58304,1
1797,69108,1
1798,81545,1
1799,95723,1
1800,111708,1
1801,129508,1
1802,149055,1
1803,170196,1
1804,192691,1
1805,216209,1
1806,240352,1
1807,84,0
1808,92,0
1809,100,0
1810,107,0
1811,114,0
1812,119,0
1813,124,0
1814,127,0
1815,131,0
1816,133,0
1817,135,0
1818,137,0
1819,138,0
1820,139,0
1821,140,0
1822,141,0
1823,141,0
1824,142,0
1825,142,0
1826,142,0
1827,143,0
1828,143,0
1829,143,0
1830,143,0
1831,143,0
1832,143,0
1833,143,0
1834,143,0
1835,143,0
1836,143,0
1837,143,0
1838,143,0
1839,143,0
1840,143,0
1841,143,0
1842,143,0
1843,143,0
1844,143,0
1845,143,0
1846,143,0
1847,143,0
1848,143,0
1849,143,0
1850,156,1
1851,158,1
1852,159,1
1853,159,1
1854,159,1
1855,159,1
1856,159,1
1857,160,1
1858,160,1
1859,160,1
1860,160,1
1861,160,1
1862,160,1
1863,160,1
1864,160,1
1865,160,1
1866,160,1
1867,160,1
1868,160,1
1869,160,1
1870,160,1
1871,160,1
1872,160,1
1873,160,1
1874,160,1
1875,160,1
1876,160,1
1877,160,1
1878,160,1
1879,160,1
1880,160,1
1881,160,1
1882,160,1
1883,160,1
1884,160,1
1885,160,1
1886,160,1
1887,160,1
1888,160,1
1889,160,1
1890,160,1
1891,160,1
1892,160,1
1893,1,0
1894,1,0
1895,1,0
1896,1,0
1897,1,0
1898,1,0
1899,1,0
1900,1,0
1901,1,0
1902,1,0
1903,1,0
1904,1,0
1905,1,0
1906,1,0
1907,1,0
1908,1,0
1909,1,0
1910,1,0
1911,1,0
1912,1,0
1913,1,0
1914,1,0
1915,1,0
1916,1,0
1917,1,0
1918,1,0
1919,1,0
1920,1,0
1921,1,0
1922,1,0
1923,1,0
1924,1,0
1925,1,0
1926,1,0
1927,1,0
1928,1,0
1929,1,0
1930,1,0
1931,1,0
1932,1,0
1933,1,0
1934,1,0
1935,1,0
1936,152,0
1937,159,0
1938,164,0
1939,168,0
1940,171,0
1941,173,0
1942,175,0
1943,176,0
1944,177,0
1945,178,0
1946,178,0
1947,178,0
1948,179,0
1949,179,0
1950,179,0
1951,179,0
1952,179,0
1953,179,0
1954,179,0
1955,179,0
1956,179,0
1957,179,0
1958,179,0
1959,179,0
1960,179,0
1961,179,0
1962,179,0
1963,179,0
1964,179,0
1965,179,0
1966,179,0
1967,179,0
1968,179,0
1969,179,0
1970,179,0
1971,179,0
1972,179,0
1973,179,0
1974,179,0
1975,179,0
1976,179,0
1977,179,0
1978,179,0
1979,2340,38
1980,2778,43
1981,3297,47
1982,3912,51
1983,4640,54
1984,5501,56
1985,6519,58
1986,7720,59
1987,9137,60
1988,10806,61
1989,12768,62
1990,15069,62
1991,17763,63
1992,20907,63
1993,24565,63
1994,28804,63
1995,33697,64
1996,39315,64
1997,45729,64
1998,53004,64
1999,61194,64
2000,70338,64
2001,80451,64
2002,91521,64
2003,103503,64
2004,116314,64
2005,129834,64
2006,143906,64
2007,158344,64
2008,172941,64
2009,187482,64
2010,201752,64
2011,215556,64
2012,228720,64
2013,241109,64
2014,252620,64
2015,263191,64
2016,272795,64
2017,281434,64
2018,289138,64
2019,295953,64
2020,301941,64
2021,307169,64
2022,27,0
2023,34,0
2024,44,0
2025,56,0
2026,71,0
2027,91,0
2028,116,0
2029,148,0
2030,188,0
2031,240,0
2032,306,0
2033,390,0
2034,497,0
2035,633,0
2036,806,0
2037,1027,0
2038,1309,0
2039,1667,0
2040,2123,0
2041,2703,0
2042,3441,0
2043,4377,0
2044,5566,0
2045,7072,0
2046,8977,0
2047,11384,0
2048,14416,0
2049,18223,0
2050,22985,0
2051,28911,0
2052,36242,0
2053,45241,0
2054,56186,0
2055,69346,0
2056,84955,0
2057,103174,0
2058,124043,0
2059,147436,0
2060,173036,0
2061,200323,0
2062,228602,0
2063,257071,0
2064,284904,0
2065,4422,31
2066,4760,32
2067,5027,33
2068,5230,34
2069,5381,34
2070,5491,35
2071,5570,35
2072,5626,35
2073,5665,35
2074,5693,35
2075,5712,35
2076,5726,35
2077,5735,35
2078,5742,35
2079,5746,35
2080,5749,35
2081,5752,35
2082,5753,35
2083,5754,35
2084,5755,35
2085,5755,35
2086,5756,35
2087,5756,35
2088,5756,35
2089,5756,35
2090,5756,35
2091,5757,35
2092,5757,35
2093,5757,35
2094,5757,35
2095,5757,35
2096,5757,35
2097,5757,35
2098,5757,35
2099,5757,35
2100,5757,35
2101,5757,35
2102,5757,35
2103,5757,35
2104,5757,35
2105,5757,35
2106,5757,35
2107,5757,35
2108,193,2
2109,204,2
2110,213,2
2111,221,2
2112,227,2
2113,231,2
2114,235,2
2115,238,2
2116,240,2
2117,242,2
2118,243,2
2119,244,2
2120,244,2
2121,245,2
2122,245,2
2123,246,2
2124,246,2
2125,246,2
2126,246,2
2127,246,2
2128,246,2
2129,246,2
2130,246,2
2131,246,2
2132,246,2
2133,246,2
2134,246,2
2135,246,2
2136,246,2
2137,246,2
2138,246,2
2139,246,2
2140,247,2
2141,247,2
2142,247,2
2143,247,2
2144,247,2
2145,247,2
2146,247,2
2147,247,2
2148,247,2
2149,247,2
2150,247,2
2151,4,0
2152,4,0
2153,4,0
2154,4,0
2155,4,0
2156,4,0
2157,4,0
2158,4,0
2159,4,0
2160,4,0
2161,4,0
2162,4,0
2163,4,0
2164,4,0
2165,4,0
2166,4,0
2167,4,0
2168,4,0
2169,4,0
2170,4,0
2171,4,0
2172,4,0
2173,4,0
2174,4,0
2175,4,0
2176,4,0
2177,4,0
2178,4,0
2179,4,0
2180,4,0
2181,4,0
2182,4,0
2183,4,0
2184,4,0
2185,4,0
2186,4,0
2187,4,0
2188,4,0
2189,4,0
2190,4,0
2191,4,0
2192,4,0
2193,4,0
2194,3,0
2195,3,0
2196,3,0
2197,3,0
2198,3,0
2199,3,0
2200,3,0
2201,3,0
2202,3,0
2203,3,0
2204,3,0
2205,3,0
2206,3,0
2207,3,0
2208,3,0
2209,3,0
2210,3,0
2211,3,0
2212,3,0
2213,3,0
2214,3,0
2215,3,0
2216,3,0
2217,3,0
2218,3,0
2219,3,0
2220,3,0
2221,3,0
2222,3,0
2223,3,0
2224,3,0
2225,3,0
2226,3,0
2227,3,0
2228,3,0
2229,3,0
2230,3,0
2231,3,0
2232,3,0
2233,3,0
2234,3,0
2235,3,0
2236,3,0
2237,8,0
2238,9,0
2239,11,0
2240,13,0
2241,16,0
2242,19,0
2243,23,0
2244,28,0
2245,34,0
2246,41,0
2247,50,0
2248,60,0
2249,72,0
2250,87,0
2251,105,0
2252,127,0
2253,153,0
2254,185,0
2255,223,0
2256,269,0
2257,324,0
2258,390,0
2259,471,0
2260,567,0
2261,684,0
2262,824,0
2263,992,0
2264,1194,0
2265,1436,0
2266,1727,0
2267,2075,0
2268,2491,0
2269,2987,0
2270,3578,0
2271,4279,0
2272,5108,0
2273,6086,0
2274,7233,0
2275,8572,0
2276,10126,0
2277,11915,0
2278,13960,0
2279,16274,0
2280,2989,13
2281,3229,16
2282,3443,18
2283,3629,20
2284,3787,22
2285,3920,23
2286,4029,24
2287,4117,25
2288,4188,26
2289,4245,27
2290,4290,27
2291,4326,28
2292,4354,28
2293,4375,28
2294,4392,28
2295,4406,28
2296,4416,28
2297,4424,29
2298,4430,29
2299,4435,29
2300,4439,29
2301,4442,29
2302,4444,29
2303,4446,29
2304,4447,29
2305,4448,29
2306,4449,29
2307,4450,29
2308,4450,29
2309,4450,29
2310,4451,29
2311,4451,29
2312,4451,29
2313,4451,29
2314,4451,29
2315,4451,29
2316,4451,29
2317,4451,29
2318,4452,29
2319,4452,29
2320,4452,29
2321,4452,29
2322,4452,29
2323,992,6
2324,992,6
2325,992,6
2326,992,6
2327,992,6
2328,992,6
2329,992,6
2330,992,6
2331,992,6
2332,992,6
2333,992,6
2334,992,6
2335,992,6
2336,992,6
2337,992,6
2338,992,6
2339,992,6
2340,992,6
2341,992,6
2342,992,6
2343,992,6
2344,992,6
2345,992,6
2346,992,6
2347,992,6
2348,992,6
2349,992,6
2350,992,6
2351,992,6
2352,992,6
2353,992,6
2354,992,6
2355,992,6
2356,992,6
2357,992,6
2358,992,6
2359,992,6
2360,992,6
2361,992,6
2362,992,6
2363,992,6
2364,992,6
2365,992,6
2366,485,8
2367,485,8
2368,485,8
2369,485,8
2370,485,8
2371,485,8
2372,485,8
2373,485,8
2374,486,8
2375,486,8
2376,486,8
2377,486,8
2378,486,8
2379,486,8
2380,486,8
2381,486,8
2382,486,8
2383,486,8
2384,486,8
2385,486,8
2386,486,8
2387,486,8
2388,486,8
2389,486,8
2390,486,8
2391,486,8
2392,486,8
2393,486,8
2394,486,8
2395,486,8
2396,486,8
2397,486,8
2398,486,8
2399,486,8
2400,486,8
2401,486,8
2402,486,8
2403,486,8
2404,486,8
2405,486,8
2406,486,8
2407,486,8
2408,486,8
2409,575,6
2410,575,6
2411,575,6
2412,575,6
2413,575,6
2414,575,6
2415,575,6
2416,575,6
2417,575,6
2418,575,6
2419,575,6
2420,575,6
2421,575,6
2422,575,6
2423,575,6
2424,575,6
2425,575,6
2426,575,6
2427,575,6
2428,575,6
2429,575,6
2430,575,6
2431,575,6
2432,575,6
2433,575,6
2434,575,6
2435,575,6
2436,575,6
2437,575,6
2438,575,6
2439,575,6
2440,575,6
2441,575,6
2442,575,6
2443,575,6
2444,575,6
2445,575,6
2446,575,6
2447,575,6
2448,575,6
2449,575,6
2450,575,6
2451,575,6
2452,303,1
2453,303,1
2454,303,1
2455,303,1
2456,303,1
2457,303,1
2458,303,1
2459,303,1
2460,303,1
2461,303,1
2462,303,1
2463,303,1
2464,303,1
2465,303,1
2466,303,1
2467,303,1
2468,303,1
2469,303,1
2470,303,1
2471,303,1
2472,303,1
2473,303,1
2474,303,1
2475,303,1
2476,303,1
2477,303,1
2478,303,1
2479,303,1
2480,303,1
2481,303,1
2482,303,1
2483,303,1
2484,303,1
2485,303,1
2486,303,1
2487,303,1
2488,303,1
2489,303,1
2490,303,1
2491,303,1
2492,303,1
2493,303,1
2494,303,1
2495,133,2
2496,134,2
2497,134,2
2498,134,2
2499,134,2
2500,134,2
2501,134,2
2502,134,2
2503,134,2
2504,135,2
2505,135,2
2506,135,2
2507,135,2
2508,135,2
2509,135,2
2510,135,2
2511,135,2
2512,135,2
2513,135,2
2514,135,2
2515,135,2
2516,135,2
2517,135,2
2518,135,2
2519,135,2
2520,135,2
2521,135,2
2522,135,2
2523,135,2
2524,135,2
2525,135,2
2526,136,2
2527,136,2
2528,136,2
2529,136,2
2530,136,2
2531,136,2
2532,136,2
2533,136,2
2534,136,2
2535,136,2
2536,136,2
2537,136,2
2538,1374,8
2539,1374,8
2540,1374,8
2541,1374,8
2542,1374,8
2543,1374,8
2544,1374,8
2545,1374,8
2546,1374,8
2547,1374,8
2548,1374,8
2549,1374,8
2550,1374,8
2551,1374,8
2552,1374,8
2553,1374,8
2554,1374,8
2555,1374,8
2556,1374,8
2557,1374,8
2558,1374,8
2559,1374,8
2560,1374,8
2561,1374,8
2562,1374,8
2563,1374,8
2564,1374,8
2565,1374,8
2566,1374,8
2567,1374,8
2568,1374,8
2569,1374,8
2570,1374,8
2571,1374,8
2572,1374,8
2573,1374,8
2574,1374,8
2575,1374,8
2576,1374,8
2577,1374,8
2578,1374,8
2579,1374,8
2580,1374,8
2581,253,2
2582,253,2
2583,253,2
2584,253,2
2585,253,2
2586,253,2
2587,253,2
2588,253,2
2589,253,2
2590,253,2
2591,253,2
2592,253,2
2593,253,2
2594,253,2
2595,253,2
2596,253,2
2597,253,2
2598,253,2
2599,253,2
2600,253,2
2601,253,2
2602,253,2
2603,253,2
2604,253,2
2605,253,2
2606,253,2
2607,253,2
2608,253,2
2609,253,2
2610,253,2
2611,253,2
2612,253,2
2613,253,2
2614,253,2
2615,253,2
2616,253,2
2617,253,2
2618,253,2
2619,253,2
2620,253,2
2621,253,2
2622,253,2
2623,253,2
2624,147,2
2625,147,2
2626,147,2
2627,147,2
2628,147,2
2629,147,2
2630,147,2
2631,147,2
2632,147,2
2633,147,2
2634,147,2
2635,147,2
2636,147,2
2637,147,2
2638,147,2
2639,147,2
2640,147,2
2641,147,2
2642,147,2
2643,147,2
2644,147,2
2645,147,2
2646,147,2
2647,147,2
2648,147,2
2649,147,2
2650,147,2
2651,147,2
2652,147,2
2653,147,2
2654,147,2
2655,147,2
2656,147,2
2657,147,2
2658,147,2
2659,147,2
2660,147,2
2661,147,2
2662,147,2
2663,147,2
2664,147,2
2665,147,2
2666,147,2
2667,169,6
2668,169,6
2669,169,6
2670,169,6
2671,169,6
2672,169,6
2673,169,6
2674,169,6
2675,169,6
2676,169,6
2677,169,6
2678,169,6
2679,169,6
2680,169,6
2681,169,6
2682,169,6
2683,169,6
2684,169,6
2685,169,6
2686,169,6
2687,169,6
2688,169,6
2689,169,6
2690,169,6
2691,169,6
2692,169,6
2693,169,6
2694,169,6
2695,169,6
2696,169,6
2697,169,6
2698,169,6
2699,169,6
2700,169,6
2701,169,6
2702,169,6
2703,169,6
2704,169,6
2705,169,6
2706,169,6
2707,169,6
2708,169,6
2709,169,6
2710,319,6
2711,319,6
2712,319,6
2713,319,6
2714,319,6
2715,319,6
2716,319,6
2717,319,6
2718,319,6
2719,319,6
2720,319,6
2721,319,6
2722,319,6
2723,319,6
2724,319,6
2725,319,6
2726,319,6
2727,319,6
2728,319,6
2729,319,6
2730,319,6
2731,319,6
2732,319,6
2733,319,6
2734,319,6
2735,319,6
2736,319,6
2737,319,6
2738,319,6
2739,319,6
2740,319,6
2741,319,6
2742,319,6
2743,319,6
2744,319,6
2745,319,6
2746,319,6
2747,319,6
2748,319,6
2749,319,6
2750,319,6
2751,319,6
2752,319,6
2753,482,13
2754,482,13
2755,482,13
2756,482,13
2757,482,13
2758,482,13
2759,482,13
2760,482,13
2761,482,13
2762,482,13
2763,482,13
2764,482,13
2765,482,13
2766,482,13
2767,482,13
2768,482,13
2769,482,13
2770,482,13
2771,482,13
2772,482,13
2773,482,13
2774,482,13
2775,482,13
2776,482,13
2777,482,13
2778,482,13
2779,482,13
2780,482,13
2781,482,13
2782,482,13
2783,482,13
2784,482,13
2785,482,13
2786,482,13
2787,482,13
2788,482,13
2789,482,13
2790,482,13
2791,482,13
2792,482,13
2793,482,13
2794,482,13
2795,482,13
2796,1272,22
2797,1272,22
2798,1272,22
2799,1272,22
2800,1272,22
2801,1272,22
2802,1272,22
2803,1272,22
2804,1272,22
2805,1272,22
2806,1272,22
2807,1272,22
2808,1272,22
2809,1272,22
2810,1272,22
2811,1272,22
2812,1272,22
2813,1272,22
2814,1272,22
2815,1272,22
2816,1272,22
2817,1272,22
2818,1272,22
2819,1272,22
2820,1272,22
2821,1272,22
2822,1272,22
2823,1272,22
2824,1272,22
2825,1272,22
2826,1272,22
2827,1272,22
2828,1272,22
2829,1272,22
2830,1272,22
2831,1272,22
2832,1272,22
2833,1272,22
2834,1272,22
2835,1272,22
2836,1272,22
2837,1272,22
2838,1272,22
2839,776,4
2840,846,4
2841,923,4
2842,1006,4
2843,1097,4
2844,1197,4
2845,1305,4
2846,1424,4
2847,1553,4
2848,1694,4
2849,1848,4
2850,2016,5
2851,2200,5
2852,2399,5
2853,2618,5
2854,2855,5
2855,3115,5
2856,3398,5
2857,3706,5
2858,4043,5
2859,4409,5
2860,4809,5
2861,5245,5
2862,5720,5
2863,6237,5
2864,6801,5
2865,7414,5
2866,8083,5
2867,8810,5
2868,9602,5
2869,10464,5
2870,11401,5
2871,12420,5
2872,13528,5
2873,14732,5
2874,16039,5
2875,17459,5
2876,18999,5
2877,20669,5
2878,22479,5
2879,24440,5
2880,26562,5
2881,28858,5
2882,67743,3129
2883,67743,3129
2884,67743,3130
2885,67744,3130
2886,67744,3130
2887,67744,3131
2888,67744,3131
2889,67744,3131
2890,67744,3131
2891,67744,3131
2892,67744,3131
2893,67744,3131
2894,67744,3132
2895,67744,3132
2896,67744,3132
2897,67744,3132
2898,67744,3132
2899,67744,3132
2900,67744,3132
2901,67744,3132
2902,67744,3132
2903,67744,3132
2904,67744,3132
2905,67744,3132
2906,67744,3132
2907,67744,3132
2908,67744,3132
2909,67744,3132
2910,67744,3132
2911,67744,3132
2912,67744,3132
2913,67744,3132
2914,67744,3132
2915,67744,3132
2916,67744,3132
2917,67744,3132
2918,67744,3132
2919,67744,3132
2920,67744,3132
2921,67744,3132
2922,67744,3132
2923,67744,3132
2924,67744,3132
2925,1018,4
2926,1018,4
2927,1018,4
2928,1018,4
2929,1018,4
2930,1018,4
2931,1018,4
2932,1018,4
2933,1018,4
2934,1018,4
2935,1018,4
2936,1018,4
2937,1018,4
2938,1018,4
2939,1018,4
2940,1018,4
2941,1018,4
2942,1018,4
2943,1018,4
2944,1018,4
2945,1018,4
2946,1018,4
2947,1018,4
2948,1018,4
2949,1018,4
2950,1018,4
2951,1018,4
2952,1018,4
2953,1018,4
2954,1018,4
2955,1018,4
2956,1018,4
2957,1018,4
2958,1018,4
2959,1018,4
2960,1018,4
2961,1018,4
2962,1018,4
2963,1018,4
2964,1018,4
2965,1018,4
2966,1018,4
2967,1018,4
2968,79,1
2969,79,1
2970,79,1
2971,79,1
2972,79,1
2973,79,1
2974,79,1
2975,79,1
2976,79,1
2977,79,1
2978,79,1
2979,79,1
2980,79,1
2981,79,1
2982,79,1
2983,79,1
2984,79,1
2985,79,1
2986,79,1
2987,79,1
2988,79,1
2989,79,1
2990,79,1
2991,79,1
2992,79,1
2993,79,1
2994,79,1
2995,79,1
2996,79,1
2997,79,1
2998,79,1
2999,79,1
3000,79,1
3001,79,1
3002,79,1
3003,79,1
3004,79,1
3005,79,1
3006,79,1
3007,79,1
3008,79,1
3009,79,1
3010,79,1
3011,635,0
3012,635,0
3013,635,0
3014,635,0
3015,635,0
3016,635,0
3017,635,0
3018,635,0
3019,635,0
3020,635,0
3021,635,0
3022,635,0
3023,635,0
3024,635,0
3025,635,0
3026,635,0
3027,635,0
3028,635,0
3029,635,0
3030,635,0
3031,635,0
3032,635,0
3033,635,0
3034,635,0
3035,635,0
3036,635,0
3037,635,0
3038,635,0
3039,635,0
3040,635,0
3041,635,0
3042,635,0
3043,635,0
3044,635,0
3045,635,0
3046,635,0
3047,635,0
3048,635,0
3049,635,0
3050,635,0
3051,635,0
3052,635,0
3053,635,0
3054,936,1
3055,936,1
3056,936,1
3057,936,1
3058,936,1
3059,936,1
3060,936,1
3061,936,1
3062,936,1
3063,936,1
3064,936,1
3065,936,1
3066,936,1
3067,936,1
3068,936,1
3069,936,1
3070,936,1
3071,936,1
3072,936,1
3073,936,1
3074,936,1
3075,936,1
3076,936,1
3077,936,1
3078,936,1
3079,936,1
3080,936,1
3081,936,1
3082,936,1
3083,936,1
3084,936,1
3085,936,1
3086,936,1
3087,936,1
3088,936,1
3089,936,1
3090,936,1
3091,936,1
3092,936,1
3093,936,1
3094,936,1
3095,936,1
3096,936,1
3097,93,1
3098,93,1
3099,93,1
3100,93,1
3101,93,1
3102,93,1
3103,93,1
3104,93,1
3105,93,1
3106,93,1
3107,93,1
3108,93,1
3109,93,1
3110,93,1
3111,93,1
3112,93,1
3113,93,1
3114,93,1
3115,93,1
3116,93,1
3117,93,1
3118,93,1
3119,93,1
3120,93,1
3121,93,1
3122,93,1
3123,93,1
3124,93,1
3125,93,1
3126,93,1
3127,93,1
3128,93,1
3129,93,1
3130,93,1
3131,93,1
3132,93,1
3133,93,1
3134,93,1
3135,93,1
3136,93,1
3137,93,1
3138,93,1
3139,93,1
3140,125,2
3141,125,2
3142,125,2
3143,125,2
3144,125,2
3145,125,2
3146,125,2
3147,125,2
3148,125,2
3149,125,2
3150,125,2
3151,125,2
3152,125,2
3153,125,2
3154,125,3
3155,125,3
3156,125,3
3157,125,3
3158,125,3
3159,125,3
3160,125,3
3161,125,3
3162,125,3
3163,125,3
3164,125,3
3165,125,3
3166,125,3
3167,125,3
3168,125,3
3169,125,3
3170,125,3
3171,125,3
3172,125,3
3173,125,3
3174,125,3
3175,125,3
3176,125,3
3177,125,3
3178,125,3
3179,125,3
3180,125,3
3181,125,3
3182,125,3
3183,41,0
3184,42,0
3185,43,0
3186,43,0
3187,44,0
3188,44,0
3189,44,0
3190,45,0
3191,45,0
3192,45,0
3193,45,0
3194,45,0
3195,45,0
3196,45,0
3197,45,0
3198,45,0
3199,45,0
3200,45,0
3201,45,0
3202,45,0
3203,45,0
3204,45,0
3205,45,0
3206,45,0
3207,45,0
3208,45,0
3209,45,0
3210,45,0
3211,45,0
3212,45,0
3213,45,0
3214,45,0
3215,45,0
3216,45,0
3217,45,0
3218,45,0
3219,45,0
3220,45,0
3221,45,0
3222,45,0
3223,45,0
3224,45,0
3225,45,0
3226,75,0
3227,75,0
3228,75,0
3229,75,0
3230,75,0
3231,75,0
3232,75,0
3233,75,0
3234,75,0
3235,75,0
3236,75,0
3237,75,0
3238,75,0
3239,75,0
3240,75,0
3241,75,0
3242,75,0
3243,75,0
3244,75,0
3245,75,0
3246,75,0
3247,75,0
3248,75,0
3249,75,0
3250,75,0
3251,75,0
3252,75,0
3253,75,0
3254,75,0
3255,75,0
3256,75,0
3257,75,0
3258,75,0
3259,75,0
3260,75,0
3261,75,0
3262,75,0
3263,75,0
3264,75,0
3265,75,0
3266,75,0
3267,75,0
3268,75,0
3269,18,0
3270,18,0
3271,18,0
3272,18,0
3273,18,0
3274,18,0
3275,18,0
3276,18,0
3277,18,0
3278,18,0
3279,18,0
3280,18,0
3281,18,0
3282,18,0
3283,18,0
3284,18,0
3285,18,0
3286,18,0
3287,18,0
3288,18,0
3289,18,0
3290,18,0
3291,18,0
3292,18,0
3293,18,0
3294,18,0
3295,18,0
3296,18,0
3297,18,0
3298,18,0
3299,18,0
3300,18,0
3301,18,0
3302,18,0
3303,18,0
3304,18,0
3305,18,0
3306,18,0
3307,18,0
3308,18,0
3309,18,0
3310,18,0
3311,18,0
3312,246,3
3313,246,3
3314,246,3
3315,246,3
3316,246,3
3317,246,3
3318,246,4
3319,246,4
3320,246,4
3321,246,4
3322,246,4
3323,246,4
3324,246,4
3325,246,4
3326,246,4
3327,246,4
3328,246,4
3329,246,4
3330,246,4
3331,246,4
3332,246,4
3333,246,4
3334,246,4
3335,246,4
3336,246,4
3337,246,4
3338,246,4
3339,246,4
3340,246,4
3341,246,4
3342,246,4
3343,246,4
3344,246,4
3345,246,4
3346,246,4
3347,246,4
3348,246,4
3349,246,4
3350,246,4
3351,246,4
3352,246,4
3353,246,4
3354,246,4
3355,770,7
3356,770,7
3357,770,7
3358,770,7
3359,770,7
3360,770,7
3361,770,7
3362,770,7
3363,770,7
3364,770,7
3365,770,7
3366,770,7
3367,770,7
3368,770,7
3369,770,7
3370,770,7
3371,770,7
3372,770,7
3373,770,7
3374,770,7
3375,770,7
3376,770,7
3377,770,7
3378,770,7
3379,770,7
3380,770,7
3381,770,7
3382,770,7
3383,770,7
3384,770,7
3385,770,7
3386,770,7
3387,770,7
3388,770,7
3389,770,7
3390,770,7
3391,770,7
3392,770,7
3393,770,7
3394,770,7
3395,770,7
3396,770,7
3397,770,7
3398,372,5
3399,372,5
3400,372,5
3401,372,5
3402,372,5
3403,372,5
3404,372,5
3405,372,5
3406,372,5
3407,372,5
3408,372,5
3409,372,5
3410,372,5
3411,372,5
3412,372,5
3413,372,5
3414,372,5
3415,372,6
3416,372,6
3417,372,6
3418,372,6
3419,372,6
3420,372,6
3421,372,6
3422,372,6
3423,372,6
3424,372,6
3425,372,6
3426,372,6
3427,372,6
3428,372,6
3429,372,6
3430,372,6
3431,372,6
3432,372,6
3433,372,6
3434,372,6
3435,372,6
3436,372,6
3437,372,6
3438,372,6
3439,372,6
3440,372,6
3441,133,0
3442,133,0
3443,133,0
3444,133,0
3445,133,0
3446,133,0
3447,133,0
3448,133,0
3449,133,0
3450,133,0
3451,133,0
3452,133,0
3453,133,0
3454,133,0
3455,133,0
3456,133,0
3457,133,0
3458,133,0
3459,133,0
3460,133,0
3461,133,0
3462,133,0
3463,133,0
3464,133,0
3465,133,0
3466,133,0
3467,133,0
3468,133,0
3469,133,0
3470,133,0
3471,133,0
3472,133,0
3473,133,0
3474,133,0
3475,133,0
3476,133,0
3477,133,0
3478,133,0
3479,133,0
3480,133,0
3481,133,0
3482,133,0
3483,133,0
3484,540,3
3485,540,3
3486,540,3
3487,540,3
3488,540,3
3489,540,3
3490,540,3
3491,540,3
3492,540,3
3493,540,3
3494,540,3
3495,540,3
3496,540,3
3497,540,3
3498,540,3
3499,540,3
3500,540,3
3501,540,3
3502,540,3
3503,540,3
3504,540,3
3505,540,3
3506,540,3
3507,540,3
3508,540,3
3509,540,3
3510,540,3
3511,540,3
3512,540,3
3513,540,3
3514,540,3
3515,540,3
3516,540,3
3517,540,3
3518,540,3
3519,540,3
3520,540,3
3521,540,3
3522,540,3
3523,540,3
3524,540,3
3525,540,3
3526,540,3
3527,142,3
3528,142,3
3529,142,3
3530,142,3
3531,142,3
3532,142,3
3533,142,3
3534,142,3
3535,142,3
3536,142,3
3537,142,3
3538,142,3
3539,142,3
3540,142,3
3541,142,3
3542,142,3
3543,142,3
3544,142,3
3545,142,3
3546,142,3
3547,142,3
3548,142,3
3549,142,3
3550,142,3
3551,142,3
3552,142,3
3553,142,3
3554,142,3
3555,142,3
3556,142,3
3557,142,3
3558,142,3
3559,142,3
3560,142,3
3561,142,3
3562,142,3
3563,142,3
3564,142,3
3565,142,3
3566,142,3
3567,142,3
3568,142,3
3569,142,3
3570,1,0
3571,1,0
3572,1,0
3573,1,0
3574,1,0
3575,1,0
3576,1,0
3577,1,0
3578,1,0
3579,1,0
3580,1,0
3581,1,0
3582,1,0
3583,1,0
3584,1,0
3585,1,0
3586,1,0
3587,1,0
3588,1,0
3589,1,0
3590,1,0
3591,1,0
3592,1,0
3593,1,0
3594,1,0
3595,1,0
3596,1,0
3597,1,0
3598,1,0
3599,1,0
3600,1,0
3601,1,0
3602,1,0
3603,1,0
3604,1,0
3605,1,0
3606,1,0
3607,1,0
3608,1,0
3609,1,0
3610,1,0
3611,1,0
3612,1,0
3613,77,3
3614,77,3
3615,77,3
3616,77,3
3617,77,3
3618,77,3
3619,77,3
3620,77,3
3621,77,3
3622,77,3
3623,77,3
3624,77,3
3625,77,3
3626,77,3
3627,77,3
3628,77,3
3629,77,3
3630,77,3
3631,77,3
3632,77,3
3633,77,3
3634,77,3
3635,77,3
3636,77,3
3637,77,3
3638,77,3
3639,77,3
3640,77,3
3641,77,3
3642,77,3
3643,77,3
3644,77,3
3645,77,3
3646,77,3
3647,77,3
3648,77,3
3649,77,3
3650,77,3
3651,77,3
3652,77,3
3653,77,3
3654,77,3
3655,77,3
3656,174,2
3657,174,2
3658,174,2
3659,174,2
3660,174,2
3661,174,2
3662,174,2
3663,174,2
3664,174,2
3665,174,2
3666,174,2
3667,174,2
3668,174,2
3669,174,2
3670,174,2
3671,174,2
3672,174,2
3673,174,2
3674,174,2
3675,174,2
3676,174,2
3677,174,2
3678,174,2
3679,174,2
3680,174,2
3681,174,2
3682,174,2
3683,174,2
3684,174,2
3685,174,2
3686,174,2
3687,174,2
3688,174,2
3689,174,2
3690,174,2
3691,174,2
3692,174,2
3693,174,2
3694,174,2
3695,174,2
3696,174,2
3697,174,2
3698,174,2
3699,1215,1
3700,1215,1
3701,1215,1
3702,1215,1
3703,1215,1
3704,1215,1
3705,1215,1
3706,1215,1
3707,1215,1
3708,1215,1
3709,1215,1
3710,1215,1
3711,1215,1
3712,1215,1
3713,1215,1
3714,1215,1
3715,1215,1
3716,1215,1
3717,1215,1
3718,1215,1
3719,1215,1
3720,1215,1
3721,1215,1
3722,1215,1
3723,1215,1
3724,1215,1
3725,1215,1
3726,1215,1
3727,1215,1
3728,1215,1
3729,1215,1
3730,1215,1
3731,1215,1
3732,1215,1
3733,1215,1
3734,1215,1
3735,1215,1
3736,1215,1
3737,1215,1
3738,1215,1
3739,1215,1
3740,1215,1
3741,1215,1
3742,934,20
3743,989,24
3744,1035,29
3745,1074,35
3746,1106,41
3747,1132,47
3748,1152,53
3749,1169,59
3750,1182,65
3751,1192,70
3752,1200,74
3753,1206,77
3754,1211,80
3755,1214,83
3756,1217,84
3757,1220,86
3758,1221,87
3759,1223,88
3760,1224,89
3761,1224,89
3762,1225,90
3763,1225,90
3764,1226,90
3765,1226,90
3766,1226,91
3767,1226,91
3768,1227,91
3769,1227,91
3770,1227,91
3771,1227,91
3772,1227,91
3773,1227,91
3774,1227,91
3775,1227,91
3776,1227,91
3777,1227,91
3778,1227,91
3779,1227,91
3780,1227,91
3781,1227,91
3782,1227,91
3783,1227,91
3784,1227,91
3785,27,0
3786,35,0
3787,46,0
3788,60,0
3789,77,0
3790,100,0
3791,130,0
3792,168,0
3793,218,0
3794,283,0
3795,367,0
3796,476,0
3797,616,0
3798,798,0
3799,1034,0
3800,1338,0
3801,1729,0
3802,2234,0
3803,2882,0
3804,3713,0
3805,4774,0
3806,6122,0
3807,7825,0
3808,9962,0
3809,12619,0
3810,15884,0
3811,19843,0
3812,24561,0
3813,30074,0
3814,36367,0
3815,43362,0
3816,50910,0
3817,58801,0
3818,66780,0
3819,74582,0
3820,81964,0
3821,88734,0
3822,94769,0
3823,100013,0
3824,104469,0
3825,108184,0
3826,111234,0
3827,113706,0
3828,95,9
3829,100,10
3830,105,10
3831,109,10
3832,112,11
3833,115,11
3834,117,11
3835,119,11
3836,120,11
3837,121,11
3838,122,11
3839,123,11
3840,123,11
3841,124,11
3842,124,11
3843,124,11
3844,124,11
3845,124,11
3846,125,11
3847,125,11
3848,125,11
3849,125,11
3850,125,11
3851,125,11
3852,125,11
3853,125,11
3854,125,11
3855,125,11
3856,125,11
3857,125,11
3858,125,11
3859,125,11
3860,125,11
3861,125,11
3862,125,11
3863,125,11
3864,125,11
3865,125,11
3866,125,11
3867,125,11
3868,125,11
3869,125,11
3870,125,11
3871,365,2
3872,378,2
3873,388,2
3874,397,2
3875,404,2
3876,410,2
3877,414,2
3878,417,2
3879,420,2
3880,422,2
3881,424,2
3882,425,2
3883,426,2
3884,427,2
3885,428,2
3886,428,2
3887,428,2
3888,429,2
3889,429,2
3890,429,2
3891,429,2
3892,429,2
3893,429,2
3894,429,2
3895,429,2
3896,429,2
3897,430,2
3898,430,2
3899,430,2
3900,430,2
3901,430,2
3902,430,2
3903,430,2
3904,430,2
3905,430,2
3906,430,2
3907,430,2
3908,430,2
3909,430,2
3910,430,2
3911,430,2
3912,430,2
3913,430,2
3914,190,1
3915,197,1
3916,203,1
3917,207,1
3918,210,1
3919,212,1
3920,213,1
3921,214,1
3922,215,1
3923,215,1
3924,215,1
3925,215,1
3926,216,1
3927,216,1
3928,216,1
3929,216,1
3930,216,1
3931,216,1
3932,216,1
3933,216,1
3934,216,1
3935,216,1
3936,216,1
3937,216,1
3938,216,1
3939,216,1
3940,216,1
3941,216,1
3942,216,1
3943,216,1
3944,216,1
3945,216,1
3946,216,1
3947,216,1
3948,216,1
3949,216,1
3950,216,1
3951,216,1
3952,216,1
3953,216,1
3954,216,1
3955,216,1
3956,216,1
3957,899,7
3958,940,7
3959,973,7
3960,999,7
3961,1021,7
3962,1037,7
3963,1050,7
3964,1060,7
3965,1068,7
3966,1074,7
3967,1078,7
3968,1082,7
3969,1084,7
3970,1086,7
3971,1088,7
3972,1089,7
3973,1090,7
3974,1090,7
3975,1091,7
3976,1091,7
3977,1091,7
3978,1092,7
3979,1092,7
3980,1092,7
3981,1092,7
3982,1092,7
3983,1092,7
3984,1092,7
3985,1092,7
3986,1092,7
3987,1092,7
3988,1092,7
3989,1092,7
3990,1092,7
3991,1092,7
3992,1092,7
3993,1092,7
3994,1092,7
3995,1092,7
3996,1092,7
3997,1092,7
3998,1092,7
3999,1092,7
4000,219,7
4001,247,8
4002,273,11
4003,297,13
4004,318,16
4005,336,20
4006,351,25
4007,363,32
4008,373,39
4009,381,49
4010,387,61
4011,391,76
4012,395,95
4013,398,118
4014,400,147
4015,402,183
4016,403,228
4017,404,284
4018,405,354
4019,405,441
4020,406,549
4021,406,684
4022,406,852
4023,406,1061
4024,407,1321
4025,407,1644
4026,407,2047
4027,407,2547
4028,407,3169
4029,407,3942
4030,407,4901
4031,407,6091
4032,407,7564
4033,407,9387
4034,407,11638
4035,407,14412
4036,407,17821
4037,407,21998
4038,407,27095
4039,407,33285
4040,407,40761
4041,407,49724
4042,407,60382
4043,269,8
4044,287,8
4045,303,9
4046,318,9
4047,331,9
4048,343,9
4049,354,9
4050,363,9
4051,372,9
4052,379,9
4053,384,9
4054,390,9
4055,394,9
4056,397,9
4057,401,9
4058,403,9
4059,405,9
4060,407,9
4061,409,9
4062,410,9
4063,411,9
4064,412,9
4065,412,9
4066,413,9
4067,413,9
4068,414,9
4069,414,9
4070,414,9
4071,415,9
4072,415,9
4073,415,9
4074,415,9
4075,415,9
4076,415,9
4077,415,9
4078,415,9
4079,416,9
4080,416,9
4081,416,9
4082,416,9
4083,416,9
4084,416,9
4085,416,9
4086,3518,41
4087,3717,54
4088,3892,68
4089,4044,85
4090,4174,103
4091,4284,121
4092,4376,139
4093,4451,154
4094,4514,168
4095,4565,179
4096,4606,188
4097,4639,194
4098,4666,199
4099,4688,203
4100,4706,206
4101,4720,208
4102,4731,210
4103,4740,211
4104,4747,211
4105,4753,212
4106,4757,212
4107,4761,213
4108,4764,213
4109,4766,213
4110,4768,213
4111,4770,213
4112,4771,213
4113,4772,213
4114,4772,213
4115,4773,213
4116,4774,213
4117,4774,213
4118,4774,213
4119,4774,213
4120,4775,213
4121,4775,213
4122,4775,213
4123,4775,213
4124,4775,213
4125,4775,213
4126,4775,213
4127,4775,213
4128,4775,213
4129,162,0
4130,162,0
4131,163,0
4132,163,0
4133,163,0
4134,164,0
4135,164,0
4136,164,0
4137,164,0
4138,164,0
4139,164,0
4140,164,0
4141,164,0
4142,164,0
4143,164,0
4144,164,0
4145,164,0
4146,164,0
4147,164,0
4148,164,0
4149,164,0
4150,164,0
4151,164,0
4152,164,0
4153,164,0
4154,164,0
4155,164,0
4156,164,0
4157,164,0
4158,164,0
4159,164,0
4160,164,0
4161,164,0
4162,164,0
4163,164,0
4164,164,0
4165,164,0
4166,164,0
4167,164,0
4168,164,0
4169,164,0
4170,164,0
4171,164,0
4172,11,0
4173,11,0
4174,11,0
4175,11,0
4176,11,0
4177,11,0
4178,12,0
4179,12,0
4180,12,0
4181,12,0
4182,12,0
4183,12,0
4184,12,0
4185,12,0
4186,12,0
4187,12,0
4188,12,0
4189,12,0
4190,12,0
4191,12,0
4192,12,0
4193,12,0
4194,12,0
4195,12,0
4196,12,0
4197,12,0
4198,12,0
4199,12,0
4200,12,0
4201,12,0
4202,12,0
4203,12,0
4204,12,0
4205,12,0
4206,12,0
4207,12,0
4208,12,0
4209,12,0
4210,12,0
4211,12,0
4212,12,0
4213,12,0
4214,12,0
4215,2746,95
4216,2846,100
4217,2939,104
4218,3023,108
4219,3099,110
4220,3168,112
4221,3229,114
4222,3284,115
4223,3333,116
4224,3376,116
4225,3413,117
4226,3446,117
4227,3475,117
4228,3500,117
4229,3522,117
4230,3541,118
4231,3558,118
4232,3572,118
4233,3585,118
4234,3595,118
4235,3605,118
4236,3613,118
4237,3619,118
4238,3625,118
4239,3630,118
4240,3635,118
4241,3639,118
4242,3642,118
4243,3645,118
4244,3647,118
4245,3649,118
4246,3651,118
4247,3652,118
4248,3654,118
4249,3655,118
4250,3656,118
4251,3657,118
4252,3657,118
4253,3658,118
4254,3659,118
4255,3659,118
4256,3659,118
4257,3660,118
4258,710,9
4259,710,9
4260,710,9
4261,710,9
4262,710,9
4263,710,9
4264,710,9
4265,710,9
4266,710,9
4267,710,9
4268,710,9
4269,710,9
4270,710,9
4271,710,9
4272,710,9
4273,710,9
4274,710,9
4275,710,9
4276,710,9
4277,710,9
4278,710,9
4279,710,9
4280,710,9
4281,710,9
4282,710,9
4283,710,9
4284,710,9
4285,710,9
4286,710,9
4287,710,9
4288,710,9
4289,710,9
4290,710,9
4291,710,9
4292,710,9
4293,710,9
4294,710,9
4295,710,9
4296,710,9
4297,710,9
4298,710,9
4299,710,9
4300,710,9
4301,33,0
4302,39,0
4303,45,0
4304,51,0
4305,56,0
4306,61,0
4307,65,0
4308,69,0
4309,72,0
4310,74,0
4311,76,0
4312,78,0
4313,79,0
4314,80,0
4315,80,0
4316,81,0
4317,81,0
4318,81,0
4319,82,0
4320,82,0
4321,82,0
4322,82,0
4323,82,0
4324,82,0
4325,82,0
4326,82,0
4327,82,0
4328,82,0
4329,82,0
4330,82,0
4331,82,0
4332,82,0
4333,82,0
4334,82,0
4335,82,0
4336,82,0
4337,82,0
4338,82,0
4339,82,0
4340,82,0
4341,82,0
4342,82,0
4343,82,0
4344,11,0
4345,11,0
4346,11,0
4347,11,0
4348,11,0
4349,11,0
4350,11,0
4351,11,0
4352,11,0
4353,11,0
4354,11,0
4355,11,0
4356,11,0
4357,11,0
4358,11,0
4359,11,0
4360,11,0
4361,11,0
4362,11,0
4363,11,0
4364,11,0
4365,11,0
4366,11,0
4367,11,0
4368,11,0
4369,11,0
4370,11,0
4371,11,0
4372,11,0
4373,11,0
4374,11,0
4375,11,0
4376,11,0
4377,11,0
4378,11,0
4379,11,0
4380,11,0
4381,11,0
4382,11,0
4383,11,0
4384,11,0
4385,11,0
4386,11,0
4387,1162,55
4388,1239,59
4389,1301,61
4390,1350,62
4391,1387,63
4392,1415,63
4393,1436,63
4394,1451,63
4395,1463,64
4396,1471,64
4397,1477,64
4398,1481,64
4399,1484,64
4400,1486,64
4401,1488,64
4402,1489,64
4403,1490,64
4404,1490,64
4405,1491,64
4406,1491,64
4407,1491,64
4408,1491,64
4409,1492,64
4410,1492,64
4411,1492,64
4412,1492,64
4413,1492,64
4414,1492,64
4415,1492,64
4416,1492,64
4417,1492,64
4418,1492,64
4419,1492,64
4420,1492,64
4421,1492,64
4422,1492,64
4423,1492,64
4424,1492,64
4425,1492,64
4426,1492,64
4427,1492,64
4428,1492,64
4429,1492,64
4430,2174,79
4431,2215,84
4432,2245,89
4433,2266,93
4434,2281,97
4435,2292,99
4436,2299,101
4437,2304,103
4438,2308,104
4439,2310,105
4440,2312,105
4441,2313,106
4442,2314,106
4443,2314,106
4444,2315,107
4445,2315,107
4446,2315,107
4447,2315,107
4448,2316,107
4449,2316,107
4450,2316,107
4451,2316,107
4452,2316,107
4453,2316,107
4454,2316,107
4455,2316,107
4456,2316,107
4457,2316,107
4458,2316,107
4459,2316,107
4460,2316,107
4461,2316,107
4462,2316,107
4463,2316,107
4464,2316,107
4465,2316,107
4466,2316,107
4467,2316,107
4468,2316,107
4469,2316,107
4470,2316,107
4471,2316,107
4472,2316,107
4473,720,49
4474,747,51
4475,772,54
4476,793,56
4477,812,57
4478,829,58
4479,843,59
4480,855,60
4481,866,61
4482,874,61
4483,882,62
4484,888,62
4485,894,62
4486,898,63
4487,902,63
4488,905,63
4489,908,63
4490,910,63
4491,912,63
4492,913,63
4493,915,63
4494,916,63
4495,917,63
4496,918,63
4497,918,63
4498,919,63
4499,919,63
4500,919,63
4501,920,63
4502,920,63
4503,920,63
4504,920,63
4505,921,63
4506,921,63
4507,921,63
4508,921,63
4509,921,63
4510,921,63
4511,921,63
4512,921,63
4513,921,63
4514,921,63
4515,921,63
4516,36,19
4517,39,19
4518,41,19
4519,43,19
4520,44,19
4521,44,19
4522,45,19
4523,45,19
4524,45,19
4525,46,19
4526,46,19
4527,46,19
4528,46,19
4529,46,19
4530,46,19
4531,46,19
4532,46,19
4533,46,19
4534,46,19
4535,46,19
4536,46,19
4537,46,19
4538,46,19
4539,46,19
4540,46,19
4541,46,19
4542,46,19
4543,46,19
4544,46,19
4545,46,19
4546,46,19
4547,46,19
4548,46,19
4549,46,19
4550,46,19
4551,46,19
4552,46,19
4553,46,19
4554,46,19
4555,46,19
4556,46,19
4557,46,19
4558,46,19
4559,12,0
4560,12,0
4561,12,0
4562,12,0
4563,12,0
4564,12,0
4565,12,0
4566,12,0
4567,12,0
4568,12,0
4569,12,0
4570,12,0
4571,12,0
4572,12,0
4573,12,0
4574,12,0
4575,12,0
4576,12,0
4577,12,0
4578,12,0
4579,12,0
4580,12,0
4581,12,0
4582,12,0
4583,12,0
4584,12,0
4585,12,0
4586,12,0
4587,12,0
4588,12,0
4589,12,0
4590,12,0
4591,12,0
4592,12,0
4593,12,0
4594,12,0
4595,12,0
4596,12,0
4597,12,0
4598,12,0
4599,12,0
4600,12,0
4601,12,0
4602,17,0
4603,18,0
4604,19,0
4605,20,0
4606,21,0
4607,21,0
4608,21,0
4609,22,0
4610,22,0
4611,22,0
4612,22,0
4613,22,0
4614,22,0
4615,22,0
4616,22,0
4617,22,0
4618,22,0
4619,22,0
4620,22,0
4621,22,0
4622,22,0
4623,22,0
4624,22,0
4625,22,0
4626,22,0
4627,22,0
4628,22,0
4629,22,0
4630,22,0
4631,22,0
4632,22,0
4633,22,0
4634,22,0
4635,22,0
4636,22,0
4637,22,0
4638,22,0
4639,22,0
4640,22,0
4641,22,0
4642,22,0
4643,22,0
4644,22,0
4645,788,5
4646,823,5
4647,856,6
4648,884,6
4649,910,6
4650,932,6
4651,952,6
4652,969,6
4653,984,6
4654,997,6
4655,1008,6
4656,1017,6
4657,1025,6
4658,1031,6
4659,1037,6
4660,1042,6
4661,1046,6
4662,1049,6
4663,1052,6
4664,1054,6
4665,1056,6
4666,1058,6
4667,1059,6
4668,1060,6
4669,1061,6
4670,1062,6
4671,1063,6
4672,1063,6
4673,1064,6
4674,1064,6
4675,1065,6
4676,1065,6
4677,1065,6
4678,1065,6
4679,1065,6
4680,1066,6
4681,1066,6
4682,1066,6
4683,1066,6
4684,1066,6
4685,1066,6
4686,1066,6
4687,1066,6
4688,10,0
4689,10,0
4690,10,0
4691,10,0
4692,10,0
4693,10,0
4694,10,0
4695,10,0
4696,10,0
4697,10,0
4698,10,0
4699,10,0
4700,10,0
4701,11,0
4702,11,0
4703,11,0
4704,11,0
4705,11,0
4706,11,0
4707,11,0
4708,11,0
4709,11,0
4710,11,0
4711,11,0
4712,11,0
4713,11,0
4714,11,0
4715,11,0
4716,11,0
4717,11,0
4718,11,0
4719,11,0
4720,11,0
4721,11,0
4722,11,0
4723,11,0
4724,11,0
4725,11,0
4726,11,0
4727,11,0
4728,11,0
4729,11,0
4730,11,0
4731,27,0
4732,29,0
4733,30,0
4734,32,0
4735,34,0
4736,36,0
4737,37,0
4738,38,0
4739,39,0
4740,40,0
4741,41,0
4742,42,0
4743,43,0
4744,43,0
4745,44,0
4746,44,0
4747,45,0
4748,45,0
4749,45,0
4750,45,0
4751,45,0
4752,46,0
4753,46,0
4754,46,0
4755,46,0
4756,46,0
4757,46,0
4758,46,0
4759,46,0
4760,46,0
4761,46,0
4762,46,0
4763,46,0
4764,46,0
4765,46,0
4766,46,0
4767,46,0
4768,46,0
4769,46,0
4770,46,0
4771,46,0
4772,46,0
4773,46,0
4774,5,0
4775,5,0
4776,5,0
4777,5,0
4778,5,0
4779,5,0
4780,5,0
4781,5,0
4782,5,0
4783,5,0
4784,5,0
4785,5,0
4786,5,0
4787,5,0
4788,5,0
4789,5,0
4790,5,0
4791,5,0
4792,5,0
4793,5,0
4794,5,0
4795,5,0
4796,5,0
4797,5,0
4798,5,0
4799,5,0
4800,5,0
4801,5,0
4802,5,0
4803,5,0
4804,5,0
4805,5,0
4806,5,0
4807,5,0
4808,5,0
4809,5,0
4810,5,0
4811,5,0
4812,5,0
4813,5,0
4814,5,0
4815,5,0
4816,5,0
4817,1477,18
4818,1539,20
4819,1593,21
4820,1641,22
4821,1682,22
4822,1717,23
4823,1747,23
4824,1773,23
4825,1794,23
4826,1812,23
4827,1827,23
4828,1839,23
4829,1850,23
4830,1858,23
4831,1865,23
4832,1871,23
4833,1876,23
4834,1880,23
4835,1883,23
4836,1886,23
4837,1888,23
4838,1890,23
4839,1891,23
4840,1892,23
4841,1893,23
4842,1894,23
4843,1895,23
4844,1895,23
4845,1896,23
4846,1896,23
4847,1897,23
4848,1897,23
4849,1897,23
4850,1897,23
4851,1897,23
4852,1897,23
4853,1898,23
4854,1898,23
4855,1898,23
4856,1898,23
4857,1898,23
4858,1898,23
4859,1898,23
4860,44,0
4861,46,0
4862,49,0
4863,52,0
4864,54,0
4865,56,0
4866,59,0
4867,61,0
4868,63,0
4869,65,0
4870,66,0
4871,68,0
4872,69,0
4873,70,0
4874,71,0
4875,72,0
4876,73,0
4877,74,0
4878,74,0
4879,75,0
4880,76,0
4881,76,0
4882,76,0
4883,77,0
4884,77,0
4885,77,0
4886,77,0
4887,78,0
4888,78,0
4889,78,0
4890,78,0
4891,78,0
4892,78,0
4893,78,0
4894,79,0
4895,79,0
4896,79,0
4897,79,0
4898,79,0
4899,79,0
4900,79,0
4901,79,0
4902,79,0
4903,35,0
4904,35,0
4905,35,0
4906,35,0
4907,35,0
4908,35,0
4909,35,0
4910,35,0
4911,36,0
4912,36,0
4913,36,0
4914,36,0
4915,36,0
4916,36,0
4917,36,0
4918,36,0
4919,36,0
4920,36,0
4921,36,0
4922,36,0
4923,36,0
4924,36,0
4925,36,0
4926,36,0
4927,36,0
4928,36,0
4929,36,0
4930,36,0
4931,36,0
4932,36,0
4933,36,0
4934,36,0
4935,36,0
4936,36,0
4937,36,0
4938,36,0
4939,36,0
4940,36,0
4941,36,0
4942,36,0
4943,36,0
4944,36,0
4945,36,0
4946,111,5
4947,113,6
4948,115,6
4949,116,6
4950,117,7
4951,117,7
4952,118,7
4953,118,7
4954,119,7
4955,119,7
4956,119,7
4957,119,7
4958,119,7
4959,120,7
4960,120,7
4961,120,7
4962,120,7
4963,120,7
4964,120,7
4965,120,7
4966,120,7
4967,120,7
4968,120,7
4969,120,7
4970,120,7
4971,120,7
4972,120,7
4973,120,7
4974,120,7
4975,120,7
4976,120,7
4977,120,7
4978,120,7
4979,120,7
4980,120,7
4981,120,7
4982,120,7
4983,120,7
4984,120,7
4985,120,7
4986,120,7
4987,120,7
4988,120,7
4989,121,1
4990,128,1
4991,133,1
4992,138,1
4993,142,1
4994,146,1
4995,148,1
4996,151,1
4997,153,1
4998,155,1
4999,156,1
5000,157,1
5001,158,1
5002,159,1
5003,159,1
5004,160,1
5005,160,1
5006,160,1
5007,161,1
5008,161,1
5009,161,1
5010,161,1
5011,161,1
5012,161,1
5013,162,1
5014,162,1
5015,162,1
5016,162,1
5017,162,1
5018,162,1
5019,162,1
5020,162,1
5021,162,1
5022,162,1
5023,162,1
5024,162,1
5025,162,1
5026,162,1
5027,162,1
5028,162,1
5029,162,1
5030,162,1
5031,162,1
5032,99,19
5033,106,19
5034,112,19
5035,117,19
5036,121,19
5037,124,19
5038,126,19
5039,128,19
5040,129,19
5041,130,19
5042,130,19
5043,131,19
5044,131,19
5045,131,19
5046,132,19
5047,132,19
5048,132,19
5049,132,19
5050,132,19
5051,132,19
5052,132,19
5053,132,19
5054,132,19
5055,132,19
5056,132,19
5057,132,19
5058,132,19
5059,132,19
5060,132,19
5061,132,19
5062,132,19
5063,132,19
5064,132,19
5065,132,19
5066,132,19
5067,132,19
5068,132,19
5069,132,19
5070,132,19
5071,132,19
5072,132,19
5073,132,19
5074,132,19
5075,16,0
5076,16,0
5077,16,0
5078,16,0
5079,16,0
5080,16,0
5081,16,0
5082,16,0
5083,16,0
5084,16,0
5085,16,0
5086,16,0
5087,16,0
5088,16,0
5089,16,0
5090,16,0
5091,16,0
5092,16,0
5093,16,0
5094,16,0
5095,16,0
5096,16,0
5097,16,0
5098,16,0
5099,16,0
5100,16,0
5101,16,0
5102,16,0
5103,16,0
5104,16,0
5105,16,0
5106,16,0
5107,16,0
5108,16,0
5109,16,0
5110,16,0
5111,16,0
5112,16,0
5113,16,0
5114,16,0
5115,16,0
5116,16,0
5117,16,0
5118,255,0
5119,268,0
5120,278,0
5121,286,0
5122,293,0
5123,297,0
5124,301,0
5125,304,0
5126,306,0
5127,307,0
5128,309,0
5129,309,0
5130,310,0
5131,311,0
5132,311,0
5133,311,0
5134,311,0
5135,311,0
5136,312,0
5137,312,0
5138,312,0
5139,312,0
5140,312,0
5141,312,0
5142,312,0
5143,312,0
5144,312,0
5145,312,0
5146,312,0
5147,312,0
5148,312,0
5149,312,0
5150,312,0
5151,312,0
5152,312,0
5153,312,0
5154,312,0
5155,312,0
5156,312,0
5157,312,0
5158,312,0
5159,312,0
5160,312,0
5161,6,0
5162,7,0
5163,7,0
5164,7,0
5165,8,0
5166,8,0
5167,9,0
5168,9,0
5169,10,0
5170,10,0
5171,11,0
5172,11,0
5173,12,0
5174,13,0
5175,13,0
5176,14,0
5177,14,0
5178,15,0
5179,16,0
5180,16,0
5181,17,0
5182,18,0
5183,18,0
5184,19,0
5185,19,0
5186,20,0
5187,21,0
5188,21,0
5189,22,0
5190,22,0
5191,23,0
5192,23,0
5193,24,0
5194,24,0
5195,25,0
5196,25,0
5197,26,0
5198,26,0
5199,26,0
5200,27,0
5201,27,0
5202,28,0
5203,28,0
5204,0,0
5205,0,0
5206,0,0
5207,0,0
5208,0,0
5209,0,0
5210,0,0
5211,0,0
5212,0,0
5213,0,0
5214,0,0
5215,0,0
5216,0,0
5217,0,0
5218,0,0
5219,0,0
5220,0,0
5221,0,0
5222,0,0
5223,0,0
5224,0,0
5225,0,0
5226,0,0
5227,0,0
5228,0,0
5229,0,0
5230,0,0
5231,0,0
5232,0,0
5233,0,0
5234,0,0
5235,0,0
5236,0,0
5237,0,0
5238,0,0
5239,0,0
5240,0,0
5241,0,0
5242,0,0
5243,0,0
5244,0,0
5245,0,0
5246,0,0
5247,16,1
5248,16,1
5249,17,1
5250,18,1
5251,18,1
5252,19,1
5253,19,1
5254,19,1
5255,20,1
5256,20,1
5257,20,1
5258,20,1
5259,20,1
5260,21,1
5261,21,1
5262,21,1
5263,21,1
5264,21,1
5265,21,1
5266,21,1
5267,21,1
5268,21,1
5269,21,1
5270,21,1
5271,21,1
5272,21,1
5273,21,1
5274,21,1
5275,21,1
5276,21,1
5277,21,1
5278,21,1
5279,21,1
5280,21,1
5281,21,1
5282,21,1
5283,21,1
5284,21,1
5285,21,1
5286,21,1
5287,21,1
5288,21,1
5289,21,1
5290,54946,3785
5291,59349,4092
5292,63591,4361
5293,67612,4590
5294,71369,4780
5295,74829,4936
5296,77975,5061
5297,80803,5160
5298,83318,5237
5299,85533,5298
5300,87469,5345
5301,89149,5381
5302,90596,5409
5303,91837,5430
5304,92897,5446
5305,93797,5459
5306,94560,5468
5307,95204,5475
5308,95747,5481
5309,96204,5485
5310,96587,5488
5311,96909,5491
5312,97178,5492
5313,97403,5494
5314,97592,5495
5315,97749,5496
5316,97880,5496
5317,97990,5497
5318,98081,5497
5319,98157,5497
5320,98220,5498
5321,98273,5498
5322,98317,5498
5323,98354,5498
5324,98385,5498
5325,98410,5498
5326,98431,5498
5327,98449,5498
5328,98464,5498
5329,98476,5498
5330,98486,5498
5331,98494,5498
5332,98502,5498
5333,14,1
5334,16,1
5335,19,1
5336,22,1
5337,25,1
5338,29,1
5339,33,1
5340,37,1
5341,42,1
5342,48,1
5343,54,1
5344,61,1
5345,69,1
5346,77,1
5347,86,1
5348,95,1
5349,105,1
5350,115,1
5351,125,1
5352,136,1
5353,146,1
5354,157,1
5355,168,1
5356,178,1
5357,188,1
5358,197,1
5359,206,1
5360,215,1
5361,222,1
5362,230,1
5363,236,1
5364,242,1
5365,247,1
5366,252,1
5367,256,1
5368,260,1
5369,264,1
5370,267,1
5371,269,1
5372,272,1
5373,274,1
5374,275,1
5375,277,1
5376,4,1
5377,4,1
5378,4,1
5379,4,1
5380,4,1
5381,4,1
5382,4,1
5383,4,1
5384,4,1
5385,4,1
5386,4,1
5387,4,1
5388,4,1
5389,4,1
5390,4,1
5391,4,1
5392,4,1
5393,4,1
5394,4,1
5395,4,1
5396,4,1
5397,4,1
5398,4,1
5399,4,1
5400,4,1
5401,4,1
5402,4,1
5403,4,1
5404,4,1
5405,4,1
5406,4,1
5407,4,1
5408,4,1
5409,4,1
5410,4,1
5411,4,1
5412,4,1
5413,4,1
5414,4,1
5415,4,1
5416,4,1
5417,4,1
5418,4,1
5419,112,0
5420,116,0
5421,121,0
5422,125,0
5423,129,0
5424,133,0
5425,136,0
5426,139,0
5427,142,0
5428,144,0
5429,146,0
5430,148,0
5431,150,0
5432,152,0
5433,153,0
5434,154,0
5435,155,0
5436,156,0
5437,157,0
5438,158,0
5439,159,0
5440,159,0
5441,160,0
5442,160,0
5443,160,0
5444,161,0
5445,161,0
5446,161,0
5447,161,0
5448,162,0
5449,162,0
5450,162,0
5451,162,0
5452,162,0
5453,162,0
5454,162,0
5455,162,0
5456,163,0
5457,163,0
5458,163,0
5459,163,0
5460,163,0
5461,163,0
5462,76403,911
5463,80368,1050
5464,83840,1186
5465,86834,1315
5466,89380,1432
5467,91522,1535
5468,93306,1623
5469,94781,1696
5470,95991,1756
5471,96980,1804
5472,97783,1842
5473,98434,1872
5474,98959,1895
5475,99383,1913
5476,99723,1927
5477,99997,1937
5478,100216,1945
5479,100391,1951
5480,100532,1956
5481,100644,1959
5482,100734,1962
5483,100806,1964
5484,100864,1965
5485,100910,1966
5486,100946,1967
5487,100975,1968
5488,100999,1968
5489,101017,1969
5490,101032,1969
5491,101044,1969
5492,101054,1969
5493,101061,1970
5494,101067,1970
5495,101072,1970
5496,101076,1970
5497,101079,1970
5498,101081,1970
5499,101083,1970
5500,101085,1970
5501,101086,1970
5502,101087,1970
5503,101088,1970
5504,101089,1970
5505,157,5
5506,157,5
5507,157,5
5508,157,5
5509,157,5
5510,157,5
5511,157,5
5512,157,5
5513,157,5
5514,157,5
5515,157,5
5516,157,5
5517,157,5
5518,157,5
5519,157,5
5520,157,5
5521,157,5
5522,157,5
5523,157,5
5524,157,5
5525,157,5
5526,157,5
5527,157,5
5528,157,5
5529,157,5
5530,157,5
5531,157,5
5532,157,5
5533,157,5
5534,157,5
5535,157,5
5536,157,5
5537,157,5
5538,157,5
5539,157,5
5540,157,5
5541,157,5
5542,157,5
5543,157,5
5544,157,5
5545,157,5
5546,157,5
5547,157,5
5548,1343,52
5549,1400,56
5550,1453,60
5551,1500,64
5552,1542,67
5553,1580,70
5554,1613,73
5555,1643,75
5556,1668,77
5557,1690,78
5558,1709,79
5559,1726,81
5560,1740,81
5561,1752,82
5562,1762,83
5563,1771,83
5564,1779,84
5565,1785,84
5566,1791,84
5567,1795,84
5568,1799,85
5569,1803,85
5570,1805,85
5571,1808,85
5572,1810,85
5573,1811,85
5574,1813,85
5575,1814,85
5576,1815,85
5577,1816,85
5578,1817,85
5579,1817,85
5580,1818,85
5581,1818,85
5582,1819,85
5583,1819,85
5584,1819,85
5585,1819,85
5586,1820,85
5587,1820,85
5588,1820,85
5589,1820,85
5590,1820,85
5591,8,0
5592,8,0
5593,8,0
5594,8,0
5595,8,0
5596,8,0
5597,8,0
5598,8,0
5599,8,0
5600,8,0
5601,8,0
5602,8,0
5603,8,0
5604,8,0
5605,8,0
5606,8,0
5607,8,0
5608,8,0
5609,8,0
5610,8,0
5611,8,0
5612,8,0
5613,8,0
5614,8,0
5615,8,0
5616,8,0
5617,8,0
5618,8,0
5619,8,0
5620,8,0
5621,8,0
5622,8,0
5623,8,0
5624,8,0
5625,8,0
5626,8,0
5627,8,0
5628,8,0
5629,8,0
5630,8,0
5631,8,0
5632,8,0
5633,8,0
5634,37,1
5635,38,1
5636,39,1
5637,39,1
5638,39,1
5639,39,1
5640,40,1
5641,40,1
5642,40,1
5643,40,1
5644,40,1
5645,40,1
5646,40,1
5647,40,1
5648,40,1
5649,40,1
5650,40,1
5651,40,1
5652,40,1
5653,40,1
5654,40,1
5655,40,1
5656,40,1
5657,40,1
5658,40,1
5659,40,1
5660,40,1
5661,40,1
5662,40,1
5663,40,1
5664,40,1
5665,40,1
5666,40,1
5667,40,1
5668,40,1
5669,40,1
5670,40,1
5671,40,1
5672,40,1
5673,40,1
5674,40,1
5675,40,1
5676,40,1
5677,29,0
5678,35,0
5679,40,0
5680,45,0
5681,49,0
5682,52,0
5683,55,0
5684,57,0
5685,58,0
5686,59,0
5687,60,0
5688,61,0
5689,61,0
5690,61,0
5691,61,0
5692,62,0
5693,62,0
5694,62,0
5695,62,0
5696,62,0
5697,62,0
5698,62,0
5699,62,0
5700,62,0
5701,62,0
5702,62,0
5703,62,0
5704,62,0
5705,62,0
5706,62,0
5707,62,0
5708,62,0
5709,62,0
5710,62,0
5711,62,0
5712,62,0
5713,62,0
5714,62,0
5715,62,0
5716,62,0
5717,62,0
5718,62,0
5719,62,0
5720,12,0
5721,16,0
5722,21,0
5723,26,0
5724,31,0
5725,35,0
5726,38,0
5727,40,0
5728,42,0
5729,43,0
5730,44,0
5731,45,0
5732,45,0
5733,45,0
5734,45,0
5735,45,0
5736,46,0
5737,46,0
5738,46,0
5739,46,0
5740,46,0
5741,46,0
5742,46,0
5743,46,0
5744,46,0
5745,46,0
5746,46,0
5747,46,0
5748,46,0
5749,46,0
5750,46,0
5751,46,0
5752,46,0
5753,46,0
5754,46,0
5755,46,0
5756,46,0
5757,46,0
5758,46,0
5759,46,0
5760,46,0
5761,46,0
5762,46,0
5763,9,1
5764,9,1
5765,9,1
5766,9,1
5767,9,1
5768,9,1
5769,9,1
5770,9,1
5771,9,1
5772,9,1
5773,9,1
5774,9,1
5775,9,1
5776,9,1
5777,9,1
5778,9,1
5779,9,1
5780,9,1
5781,9,1
5782,9,1
5783,9,1
5784,9,1
5785,9,1
5786,9,1
5787,9,1
5788,9,1
5789,9,1
5790,9,1
5791,9,1
5792,9,1
5793,9,1
5794,9,1
5795,9,1
5796,9,1
5797,9,1
5798,9,1
5799,9,1
5800,9,1
5801,9,1
5802,9,1
5803,9,1
5804,9,1
5805,9,1
5806,16,0
5807,17,0
5808,18,0
5809,18,0
5810,18,0
5811,19,0
5812,19,0
5813,19,0
5814,19,0
5815,19,0
5816,19,0
5817,19,0
5818,19,0
5819,19,0
5820,19,0
5821,19,0
5822,19,0
5823,19,0
5824,19,0
5825,19,0
5826,19,0
5827,19,0
5828,19,0
5829,19,0
5830,19,0
5831,19,0
5832,19,0
5833,19,0
5834,19,0
5835,19,0
5836,19,0
5837,19,0
5838,19,0
5839,19,0
5840,19,0
5841,19,0
5842,19,0
5843,19,0
5844,19,0
5845,19,0
5846,19,0
5847,19,0
5848,19,0
5849,7,0
5850,8,0
5851,9,0
5852,9,0
5853,10,0
5854,10,0
5855,11,0
5856,11,0
5857,12,0
5858,12,0
5859,13,0
5860,13,0
5861,13,0
5862,13,0
5863,14,0
5864,14,0
5865,14,0
5866,14,0
5867,14,0
5868,14,0
5869,14,0
5870,14,0
5871,14,0
5872,14,0
5873,14,0
5874,14,0
5875,14,0
5876,14,0
5877,15,0
5878,15,0
5879,15,0
5880,15,0
5881,15,0
5882,15,0
5883,15,0
5884,15,0
5885,15,0
5886,15,0
5887,15,0
5888,15,0
5889,15,0
5890,15,0
5891,15,0
5892,173,7
5893,196,7
5894,218,7
5895,239,7
5896,258,7
5897,274,7
5898,288,7
5899,300,7
5900,310,7
5901,318,7
5902,324,7
5903,329,7
5904,333,7
5905,336,7
5906,339,7
5907,340,7
5908,342,7
5909,343,7
5910,344,7
5911,345,7
5912,345,7
5913,345,7
5914,346,7
5915,346,7
5916,346,7
5917,346,7
5918,346,7
5919,346,7
5920,347,7
5921,347,7
5922,347,7
5923,347,7
5924,347,7
5925,347,7
5926,347,7
5927,347,7
5928,347,7
5929,347,7
5930,347,7
5931,347,7
5932,347,7
5933,347,7
5934,347,7
5935,541,15
5936,585,16
5937,626,16
5938,662,16
5939,695,16
5940,724,16
5941,749,16
5942,770,16
5943,787,16
5944,802,16
5945,814,16
5946,824,16
5947,833,16
5948,839,16
5949,845,16
5950,849,16
5951,853,16
5952,855,16
5953,858,16
5954,860,16
5955,861,16
5956,862,16
5957,863,16
5958,864,16
5959,865,16
5960,865,16
5961,865,16
5962,866,16
5963,866,16
5964,866,16
5965,866,16
5966,866,16
5967,867,16
5968,867,16
5969,867,16
5970,867,16
5971,867,16
5972,867,16
5973,867,16
5974,867,16
5975,867,16
5976,867,16
5977,867,16
5978,1185,2
5979,1228,2
5980,1265,2
5981,1297,2
5982,1325,2
5983,1348,2
5984,1367,2
5985,1383,2
5986,1397,2
5987,1408,2
5988,1417,2
5989,1425,2
5990,1431,2
5991,1436,2
5992,1441,2
5993,1444,2
5994,1447,2
5995,1449,2
5996,1451,2
5997,1453,2
5998,1454,2
5999,1455,2
6000,1456,2
6001,1456,2
6002,1457,2
6003,1457,2
6004,1458,2
6005,1458,2
6006,1458,2
6007,1459,2
6008,1459,2
6009,1459,2
6010,1459,2
6011,1459,2
6012,1459,2
6013,1459,2
6014,1459,2
6015,1459,2
6016,1459,2
6017,1459,2
6018,1459,2
6019,1459,2
6020,1459,2
6021,1514,39
6022,1648,42
6023,1776,46
6024,1897,48
6025,2009,51
6026,2110,53
6027,2200,54
6028,2280,56
6029,2350,57
6030,2410,58
6031,2462,58
6032,2506,59
6033,2542,59
6034,2573,60
6035,2599,60
6036,2621,60
6037,2638,60
6038,2653,60
6039,2665,61
6040,2675,61
6041,2683,61
6042,2690,61
6043,2696,61
6044,2700,61
6045,2704,61
6046,2707,61
6047,2709,61
6048,2711,61
6049,2713,61
6050,2714,61
6051,2716,61
6052,2716,61
6053,2717,61
6054,2718,61
6055,2718,61
6056,2719,61
6057,2719,61
6058,2719,61
6059,2720,61
6060,2720,61
6061,2720,61
6062,2720,61
6063,2720,61
6064,1618,143
6065,1708,151
6066,1787,159
6067,1856,165
6068,1915,170
6069,1964,174
6070,2005,178
6071,2039,180
6072,2067,183
6073,2090,184
6074,2108,186
6075,2123,187
6076,2135,188
6077,2145,189
6078,2153,189
6079,2159,190
6080,2164,190
6081,2168,190
6082,2171,191
6083,2174,191
6084,2176,191
6085,2178,191
6086,2179,191
6087,2180,191
6088,2181,191
6089,2181,191
6090,2182,191
6091,2182,191
6092,2183,191
6093,2183,191
6094,2183,191
6095,2183,191
6096,2183,191
6097,2183,191
6098,2184,191
6099,2184,191
6100,2184,191
6101,2184,191
6102,2184,191
6103,2184,191
6104,2184,191
6105,2184,191
6106,2184,191
6107,45154,2894
6108,47505,2959
6109,49817,3014
6110,52076,3062
6111,54270,3103
6112,56387,3137
6113,58419,3166
6114,60358,3191
6115,62198,3211
6116,63935,3228
6117,65568,3243
6118,67095,3255
6119,68518,3265
6120,69838,3273
6121,71058,3280
6122,72183,3285
6123,73215,3290
6124,74161,3294
6125,75025,3297
6126,75813,3300
6127,76528,3302
6128,77178,3304
6129,77767,3306
6130,78299,3307
6131,78779,3308
6132,79213,3309
6133,79603,3310
6134,79954,3310
6135,80270,3311
6136,80554,3311
6137,80808,3311
6138,81036,3312
6139,81241,3312
6140,81424,3312
6141,81588,3312
6142,81735,3312
6143,81866,3313
6144,81983,3313
6145,82088,3313
6146,82182,3313
6147,82266,3313
6148,82340,3313
6149,82407,3313
6150,781,55
6151,875,58
6152,979,62
6153,1096,66
6154,1227,69
6155,1373,72
6156,1537,75
6157,1719,78
6158,1922,81
6159,2149,84
6160,2401,86
6161,2682,88
6162,2995,90
6163,3343,92
6164,3729,93
6165,4157,95
6166,4631,96
6167,5156,97
6168,5735,98
6169,6374,99
6170,7077,100
6171,7850,101
6172,8696,101
6173,9622,102
6174,10631,102
6175,11728,103
6176,12916,103
6177,14200,103
6178,15581,104
6179,17061,104
6180,18640,104
6181,20317,104
6182,22090,104
6183,23954,105
6184,25903,105
6185,27931,105
6186,30027,105
6187,32180,105
6188,34380,105
6189,36612,105
6190,38862,105
6191,41116,105
6192,43358,105
6193,3383,83
6194,3565,94
6195,3721,103
6196,3851,111
6197,3957,116
6198,4044,120
6199,4113,123
6200,4168,125
6201,4212,126
6202,4247,127
6203,4274,127
6204,4295,128
6205,4311,128
6206,4324,128
6207,4334,128
6208,4342,128
6209,4348,129
6210,4352,129
6211,4356,129
6212,4359,129
6213,4361,129
6214,4363,129
6215,4364,129
6216,4365,129
6217,4366,129
6218,4366,129
6219,4367,129
6220,4367,129
6221,4367,129
6222,4367,129
6223,4368,129
6224,4368,129
6225,4368,129
6226,4368,129
6227,4368,129
6228,4368,129
6229,4368,129
6230,4368,129
6231,4368,129
6232,4368,129
6233,4368,129
6234,4368,129
6235,4368,129
6236,5724,19
6237,6083,20
6238,6373,20
6239,6601,20
6240,6776,20
6241,6909,20
6242,7008,20
6243,7082,20
6244,7137,21
6245,7177,21
6246,7206,21
6247,7227,21
6248,7243,21
6249,7254,21
6250,7262,21
6251,7268,21
6252,7273,21
6253,7276,21
6254,7278,21
6255,7280,21
6256,7281,21
6257,7282,21
6258,7282,21
6259,7283,21
6260,7283,21
6261,7283,21
6262,7284,21
6263,7284,21
6264,7284,21
6265,7284,21
6266,7284,21
6267,7284,21
6268,7284,21
6269,7284,21
6270,7284,21
6271,7284,21
6272,7284,21
6273,7284,21
6274,7284,21
6275,7284,21
6276,7284,21
6277,7284,21
6278,7284,21
6279,108725,12851
6280,111789,13404
6281,114470,13894
6282,116797,14324
6283,118804,14698
6284,120524,15019
6285,121992,15294
6286,123238,15527
6287,124294,15723
6288,125184,15889
6289,125934,16027
6290,126564,16142
6291,127092,16238
6292,127534,16317
6293,127903,16383
6294,128212,16438
6295,128469,16483
6296,128684,16520
6297,128863,16550
6298,129012,16576
6299,129136,16596
6300,129240,16613
6301,129325,16627
6302,129397,16639
6303,129456,16648
6304,129506,16656
6305,129547,16663
6306,129581,16668
6307,129610,16672
6308,129633,16676
6309,129653,16679
6310,129669,16681
6311,129683,16683
6312,129694,16685
6313,129703,16686
6314,129711,16687
6315,129717,16688
6316,129723,16689
6317,129727,16689
6318,129731,16690
6319,129734,16690
6320,129737,16690
6321,129739,16691
6322,36,1
6323,37,1
6324,38,1
6325,39,1
6326,39,1
6327,40,1
6328,40,1
6329,41,1
6330,41,1
6331,41,1
6332,41,1
6333,42,1
6334,42,1
6335,42,1
6336,42,1
6337,42,1
6338,42,1
6339,42,1
6340,42,1
6341,42,1
6342,42,1
6343,42,1
6344,42,1
6345,42,1
6346,42,1
6347,42,1
6348,42,1
6349,42,1
6350,42,1
6351,42,1
6352,42,1
6353,42,1
6354,42,1
6355,42,1
6356,42,1
6357,42,1
6358,42,1
6359,42,1
6360,42,1
6361,42,1
6362,42,1
6363,42,1
6364,42,1
6365,2028,57
6366,2131,58
6367,2237,59
6368,2345,60
6369,2454,60
6370,2565,61
6371,2677,62
6372,2790,62
6373,2903,62
6374,3016,63
6375,3128,63
6376,3240,63
6377,3351,64
6378,3461,64
6379,3570,64
6380,3676,64
6381,3780,64
6382,3882,64
6383,3982,65
6384,4078,65
6385,4172,65
6386,4263,65
6387,4350,65
6388,4434,65
6389,4515,65
6390,4593,65
6391,4667,65
6392,4738,65
6393,4805,65
6394,4869,65
6395,4930,65
6396,4988,65
6397,5043,65
6398,5095,65
6399,5143,65
6400,5189,65
6401,5233,65
6402,5273,65
6403,5312,65
6404,5348,65
6405,5381,65
6406,5413,65
6407,5442,65
6408,285,5
6409,290,5
6410,294,5
6411,296,5
6412,298,5
6413,300,5
6414,301,5
6415,302,5
6416,303,5
6417,303,5
6418,303,5
6419,304,5
6420,304,5
6421,304,5
6422,304,5
6423,304,5
6424,304,5
6425,304,5
6426,304,5
6427,304,5
6428,304,5
6429,304,5
6430,304,5
6431,304,5
6432,304,5
6433,304,5
6434,304,5
6435,304,5
6436,304,5
6437,304,5
6438,304,5
6439,304,5
6440,304,5
6441,304,5
6442,304,5
6443,304,5
6444,304,5
6445,304,5
6446,304,5
6447,304,5
6448,304,5
6449,304,5
6450,304,5
6451,418,1
6452,481,1
6453,545,1
6454,607,1
6455,666,1
6456,720,1
6457,768,1
6458,810,1
6459,845,1
6460,875,1
6461,900,1
6462,920,1
6463,936,1
6464,949,1
6465,959,1
6466,967,1
6467,974,1
6468,979,1
6469,982,1
6470,986,1
6471,988,1
6472,990,1
6473,991,1
6474,992,1
6475,993,1
6476,994,1
6477,994,1
6478,995,1
6479,995,1
6480,995,1
6481,995,1
6482,996,1
6483,996,1
6484,996,1
6485,996,1
6486,996,1
6487,996,1
6488,996,1
6489,996,1
6490,996,1
6491,996,1
6492,996,1
6493,996,1
6494,60,1
6495,65,1
6496,68,1
6497,71,1
6498,74,1
6499,76,1
6500,78,1
6501,79,1
6502,80,1
6503,81,1
6504,81,1
6505,82,1
6506,82,1
6507,83,1
6508,83,1
6509,83,1
6510,83,1
6511,83,1
6512,83,1
6513,83,1
6514,84,1
6515,84,1
6516,84,1
6517,84,1
6518,84,1
6519,84,1
6520,84,1
6521,84,1
6522,84,1
6523,84,1
6524,84,1
6525,84,1
6526,84,1
6527,84,1
6528,84,1
6529,84,1
6530,84,1
6531,84,1
6532,84,1
6533,84,1
6534,84,1
6535,84,1
6536,84,1
6537,8958,161
6538,8959,165
6539,8959,168
6540,8960,171
6541,8960,174
6542,8960,177
6543,8960,180
6544,8961,182
6545,8961,184
6546,8961,186
6547,8961,188
6548,8961,189
6549,8961,191
6550,8961,192
6551,8961,194
6552,8961,195
6553,8961,196
6554,8961,197
6555,8961,197
6556,8961,198
6557,8961,199
6558,8961,199
6559,8961,200
6560,8961,200
6561,8961,201
6562,8961,201
6563,8961,202
6564,8961,202
6565,8961,202
6566,8961,203
6567,8961,203
6568,8961,203
6569,8961,203
6570,8961,203
6571,8961,203
6572,8961,204
6573,8961,204
6574,8961,204
6575,8961,204
6576,8961,204
6577,8961,204
6578,8961,204
6579,8961,204
6580,95,1
6581,95,1
6582,95,1
6583,95,1
6584,95,1
6585,95,1
6586,95,1
6587,95,1
6588,95,1
6589,95,1
6590,95,1
6591,95,1
6592,95,1
6593,95,1
6594,95,1
6595,95,1
6596,95,1
6597,95,1
6598,95,1
6599,95,1
6600,95,1
6601,95,1
6602,95,1
6603,95,1
6604,95,1
6605,95,1
6606,95,1
6607,95,1
6608,95,1
6609,95,1
6610,95,1
6611,95,1
6612,95,1
6613,95,1
6614,95,1
6615,95,1
6616,95,1
6617,95,1
6618,95,1
6619,95,1
6620,95,1
6621,95,1
6622,95,1
6623,283,0
6624,293,0
6625,302,0
6626,311,0
6627,319,0
6628,327,0
6629,335,0
6630,342,0
6631,349,0
6632,355,0
6633,361,0
6634,367,0
6635,372,0
6636,377,0
6637,381,0
6638,385,0
6639,389,0
6640,393,0
6641,396,0
6642,399,0
6643,402,0
6644,404,0
6645,406,0
6646,408,0
6647,410,0
6648,412,0
6649,414,0
6650,415,0
6651,416,0
6652,418,0
6653,419,0
6654,420,0
6655,421,0
6656,421,0
6657,422,0
6658,423,0
6659,423,0
6660,424,0
6661,424,0
6662,425,0
6663,425,0
6664,426,0
6665,426,0
6666,115,0
6667,124,0
6668,131,0
6669,137,0
6670,141,0
6671,145,0
6672,147,0
6673,149,0
6674,151,0
6675,152,0
6676,152,0
6677,153,0
6678,153,0
6679,154,0
6680,154,0
6681,154,0
6682,154,0
6683,154,0
6684,154,0
6685,154,0
6686,154,0
6687,155,0
6688,155,0
6689,155,0
6690,155,0
6691,155,0
6692,155,0
6693,155,0
6694,155,0
6695,155,0
6696,155,0
6697,155,0
6698,155,0
6699,155,0
6700,155,0
6701,155,0
6702,155,0
6703,155,0
6704,155,0
6705,155,0
6706,155,0
6707,155,0
6708,155,0
6709,8,0
6710,8,0
6711,8,0
6712,8,0
6713,8,0
6714,8,0
6715,8,0
6716,8,0
6717,8,0
6718,8,0
6719,8,0
6720,8,0
6721,8,0
6722,8,0
6723,8,0
6724,8,0
6725,8,0
6726,8,0
6727,8,0
6728,8,0
6729,8,0
6730,8,0
6731,8,0
6732,8,0
6733,8,0
6734,8,0
6735,8,0
6736,8,0
6737,8,0
6738,8,0
6739,8,0
6740,8,0
6741,8,0
6742,8,0
6743,8,0
6744,8,0
6745,8,0
6746,8,0
6747,8,0
6748,8,0
6749,8,0
6750,8,0
6751,8,0
6752,416,0
6753,434,0
6754,450,0
6755,464,0
6756,475,0
6757,484,0
6758,492,0
6759,498,0
6760,503,0
6761,507,0
6762,510,0
6763,513,0
6764,515,0
6765,516,0
6766,518,0
6767,519,0
6768,519,0
6769,520,0
6770,521,0
6771,521,0
6772,521,0
6773,522,0
6774,522,0
6775,522,0
6776,522,0
6777,522,0
6778,522,0
6779,522,0
6780,522,0
6781,522,0
6782,522,0
6783,522,0
6784,523,0
6785,523,0
6786,523,0
6787,523,0
6788,523,0
6789,523,0
6790,523,0
6791,523,0
6792,523,0
6793,523,0
6794,523,0
6795,498,13
6796,515,15
6797,530,16
6798,543,18
6799,555,20
6800,565,23
6801,574,25
6802,581,28
6803,587,32
6804,593,35
6805,597,39
6806,601,44
6807,604,49
6808,607,55
6809,609,61
6810,611,68
6811,612,76
6812,614,85
6813,615,95
6814,616,105
6815,616,118
6816,617,131
6817,618,146
6818,618,163
6819,618,182
6820,619,203
6821,619,227
6822,619,253
6823,619,282
6824,619,314
6825,620,351
6826,620,391
6827,620,436
6828,620,487
6829,620,543
6830,620,605
6831,620,675
6832,620,753
6833,620,839
6834,620,936
6835,620,1044
6836,620,1164
6837,620,1297
6838,3,0
6839,3,0
6840,3,0
6841,3,0
6842,3,0
6843,3,0
6844,3,0
6845,3,0
6846,3,0
6847,3,0
6848,3,0
6849,3,0
6850,3,0
6851,3,0
6852,3,0
6853,3,0
6854,3,0
6855,3,0
6856,3,0
6857,3,0
6858,3,0
6859,3,0
6860,3,0
6861,3,0
6862,3,0
6863,3,0
6864,3,0
6865,3,0
6866,3,0
6867,3,0
6868,3,0
6869,3,0
6870,3,0
6871,3,0
6872,3,0
6873,3,0
6874,3,0
6875,3,0
6876,3,0
6877,3,0
6878,3,0
6879,3,0
6880,3,0
6881,9,0
6882,10,0
6883,10,0
6884,10,0
6885,10,0
6886,10,0
6887,10,0
6888,10,0
6889,10,0
6890,10,0
6891,10,0
6892,10,0
6893,10,0
6894,10,0
6895,10,0
6896,10,0
6897,10,0
6898,10,0
6899,10,0
6900,10,0
6901,10,0
6902,10,0
6903,10,0
6904,10,0
6905,10,0
6906,10,0
6907,10,0
6908,10,0
6909,10,0
6910,10,0
6911,10,0
6912,10,0
6913,10,0
6914,10,0
6915,10,0
6916,10,0
6917,10,0
6918,10,0
6919,10,0
6920,10,0
6921,10,0
6922,10,0
6923,10,0
6924,61,0
6925,61,0
6926,61,0
6927,61,0
6928,61,0
6929,61,0
6930,61,0
6931,61,0
6932,61,0
6933,61,0
6934,61,0
6935,61,0
6936,61,0
6937,61,0
6938,61,0
6939,61,0
6940,61,0
6941,61,0
6942,61,0
6943,61,0
6944,61,0
6945,61,0
6946,61,0
6947,61,0
6948,61,0
6949,61,0
6950,61,0
6951,61,0
6952,61,0
6953,61,0
6954,61,0
6955,61,0
6956,61,0
6957,61,0
6958,61,0
6959,61,0
6960,61,0
6961,61,0
6962,61,0
6963,61,0
6964,61,0
6965,61,0
6966,61,0
6967,549,8
6968,567,8
6969,580,8
6970,590,8
6971,597,8
6972,603,8
6973,606,8
6974,609,8
6975,611,8
6976,612,8
6977,613,8
6978,614,8
6979,614,8
6980,615,8
6981,615,8
6982,615,8
6983,615,8
6984,615,8
6985,615,8
6986,615,8
6987,615,8
6988,615,8
6989,615,8
6990,615,8
6991,615,8
6992,615,8
6993,615,8
6994,615,8
6995,615,8
6996,615,8
6997,615,8
6998,615,8
6999,615,8
7000,615,8
7001,615,8
7002,615,8
7003,615,8
7004,615,8
7005,615,8
7006,615,8
7007,615,8
7008,615,8
7009,615,8
7010,2175,26
7011,2219,29
7012,2252,31
7013,2277,33
7014,2294,34
7015,2307,36
7016,2316,37
7017,2323,38
7018,2328,39
7019,2331,39
7020,2334,40
7021,2335,40
7022,2337,41
7023,2338,41
7024,2338,41
7025,2339,41
7026,2339,41
7027,2339,42
7028,2339,42
7029,2340,42
7030,2340,42
7031,2340,42
7032,2340,42
7033,2340,42
7034,2340,42
7035,2340,42
7036,2340,42
7037,2340,42
7038,2340,42
7039,2340,42
7040,2340,42
7041,2340,42
7042,2340,42
7043,2340,42
7044,2340,42
7045,2340,42
7046,2340,42
7047,2340,42
7048,2340,42
7049,2340,42
7050,2340,42
7051,2340,42
7052,2340,42
7053,2,0
7054,2,0
7055,2,0
7056,2,0
7057,2,0
7058,2,0
7059,2,0
7060,2,0
7061,2,0
7062,2,0
7063,2,0
7064,2,0
7065,2,0
7066,2,0
7067,2,0
7068,2,0
7069,2,0
7070,2,0
7071,2,0
7072,2,0
7073,2,0
7074,2,0
7075,2,0
7076,2,0
7077,2,0
7078,2,0
7079,2,0
7080,2,0
7081,2,0
7082,2,0
7083,2,0
7084,2,0
7085,2,0
7086,2,0
7087,2,0
7088,2,0
7089,2,0
7090,2,0
7091,2,0
7092,2,0
7093,2,0
7094,2,0
7095,2,0
7096,62,0
7097,70,0
7098,77,0
7099,83,0
7100,88,0
7101,93,0
7102,96,0
7103,99,0
7104,101,0
7105,103,0
7106,104,0
7107,105,0
7108,106,0
7109,107,0
7110,107,0
7111,107,0
7112,108,0
7113,108,0
7114,108,0
7115,108,0
7116,108,0
7117,108,0
7118,108,0
7119,108,0
7120,108,0
7121,108,0
7122,108,0
7123,108,0
7124,108,0
7125,108,0
7126,108,0
7127,108,0
7128,108,0
7129,108,0
7130,108,0
7131,108,0
7132,108,0
7133,108,0
7134,108,0
7135,108,0
7136,108,0
7137,108,0
7138,108,0
7139,0,0
7140,0,0
7141,0,0
7142,0,0
7143,0,0
7144,0,0
7145,0,0
7146,0,0
7147,0,0
7148,0,0
7149,0,0
7150,0,0
7151,0,0
7152,0,0
7153,0,0
7154,0,0
7155,0,0
7156,0,0
7157,0,0
7158,0,0
7159,0,0
7160,0,0
7161,0,0
7162,0,0
7163,0,0
7164,0,0
7165,0,0
7166,0,0
7167,0,0
7168,0,0
7169,0,0
7170,0,0
7171,0,0
7172,0,0
7173,0,0
7174,0,0
7175,0,0
7176,0,0
7177,0,0
7178,0,0
7179,0,0
7180,0,0
7181,0,0
7182,2813,43
7183,2894,45
7184,2963,46
7185,3020,47
7186,3068,48
7187,3108,48
7188,3141,49
7189,3167,49
7190,3189,49
7191,3207,49
7192,3221,50
7193,3233,50
7194,3242,50
7195,3250,50
7196,3256,50
7197,3261,50
7198,3265,50
7199,3268,50
7200,3271,50
7201,3273,50
7202,3274,50
7203,3276,50
7204,3277,50
7205,3278,50
7206,3278,50
7207,3279,50
7208,3279,50
7209,3280,50
7210,3280,50
7211,3280,50
7212,3280,50
7213,3280,50
7214,3281,50
7215,3281,50
7216,3281,50
7217,3281,50
7218,3281,50
7219,3281,50
7220,3281,50
7221,3281,50
7222,3281,50
7223,3281,50
7224,3281,50
7225,15,0
7226,15,0
7227,15,0
7228,15,0
7229,15,0
7230,15,0
7231,15,0
7232,15,0
7233,15,0
7234,15,0
7235,15,0
7236,15,0
7237,15,0
7238,15,0
7239,15,0
7240,15,0
7241,15,0
7242,15,0
7243,15,0
7244,15,0
7245,15,0
7246,15,0
7247,15,0
7248,15,0
7249,15,0
7250,15,0
7251,15,0
7252,15,0
7253,15,0
7254,15,0
7255,15,0
7256,15,0
7257,15,0
7258,15,0
7259,15,0
7260,15,0
7261,15,0
7262,15,0
7263,15,0
7264,15,0
7265,15,0
7266,15,0
7267,15,0
7268,28,2
7269,28,2
7270,28,2
7271,29,2
7272,29,2
7273,29,2
7274,29,2
7275,29,2
7276,29,2
7277,29,2
7278,29,2
7279,29,2
7280,29,2
7281,29,2
7282,29,2
7283,29,2
7284,29,2
7285,29,2
7286,29,2
7287,29,2
7288,29,2
7289,29,2
7290,29,2
7291,29,2
7292,29,2
7293,29,2
7294,29,2
7295,29,2
7296,29,2
7297,29,2
7298,29,2
7299,29,2
7300,29,2
7301,29,2
7302,29,2
7303,29,2
7304,29,2
7305,29,2
7306,29,2
7307,29,2
7308,29,2
7309,29,2
7310,29,2
7311,165,0
7312,167,0
7313,169,0
7314,170,0
7315,171,0
7316,172,0
7317,172,0
7318,173,0
7319,173,0
7320,173,0
7321,173,0
7322,173,0
7323,173,0
7324,173,0
7325,174,0
7326,174,0
7327,174,0
7328,174,0
7329,174,0
7330,174,0
7331,174,0
7332,174,0
7333,174,0
7334,174,0
7335,174,0
7336,174,0
7337,174,0
7338,174,0
7339,174,0
7340,174,0
7341,174,0
7342,174,0
7343,174,0
7344,174,0
7345,174,0
7346,174,0
7347,174,0
7348,174,0
7349,174,0
7350,174,0
7351,174,0
7352,174,0
7353,174,0
7354,7,1
7355,7,1
7356,8,1
7357,9,1
7358,10,1
7359,11,1
7360,12,1
7361,13,1
7362,14,1
7363,15,1
7364,16,1
7365,17,1
7366,17,1
7367,18,1
7368,19,1
7369,20,1
7370,20,1
7371,21,1
7372,21,1
7373,22,1
7374,22,1
7375,23,1
7376,23,1
7377,23,1
7378,23,1
7379,24,1
7380,24,1
7381,24,1
7382,24,1
7383,24,1
7384,24,1
7385,25,1
7386,25,1
7387,25,1
7388,25,1
7389,25,1
7390,25,1
7391,25,1
7392,25,1
7393,25,1
7394,25,1
7395,25,1
7396,25,1
7397,144,5
7398,149,5
7399,152,6
7400,155,7
7401,156,7
7402,157,8
7403,158,9
7404,159,9
7405,159,10
7406,159,10
7407,159,11
7408,159,11
7409,159,12
7410,160,12
7411,160,12
7412,160,12
7413,160,12
7414,160,13
7415,160,13
7416,160,13
7417,160,13
7418,160,13
7419,160,13
7420,160,13
7421,160,13
7422,160,13
7423,160,13
7424,160,13
7425,160,13
7426,160,13
7427,160,13
7428,160,13
7429,160,13
7430,160,13
7431,160,13
7432,160,13
7433,160,13
7434,160,13
7435,160,13
7436,160,13
7437,160,13
7438,160,13
7439,160,13
7440,1248,37
7441,1388,50
7442,1525,67
7443,1654,89
7444,1774,120
7445,1882,160
7446,1979,215
7447,2063,288
7448,2135,385
7449,2196,516
7450,2247,691
7451,2289,925
7452,2324,1239
7453,2353,1658
7454,2376,2218
7455,2395,2966
7456,2410,3964
7457,2422,5294
7458,2432,7062
7459,2440,9408
7460,2446,12510
7461,2451,16595
7462,2455,21944
7463,2458,28896
7464,2461,37848
7465,2463,49233
7466,2465,63490
7467,2466,80999
7468,2467,101996
7469,2468,126469
7470,2468,154063
7471,2469,184039
7472,2469,215311
7473,2470,246589
7474,2470,276582
7475,2470,304202
7476,2470,328706
7477,2470,349736
7478,2470,367276
7479,2471,381561
7480,2471,392971
7481,2471,401943
7482,2471,408912
7483,378,4
7484,413,4
7485,447,5
7486,478,6
7487,507,7
7488,532,9
7489,555,10
7490,575,12
7491,592,14
7492,606,16
7493,618,19
7494,628,23
7495,637,26
7496,643,31
7497,649,37
7498,654,43
7499,658,51
7500,661,59
7501,663,70
7502,665,82
7503,667,96
7504,668,113
7505,669,133
7506,670,157
7507,671,184
7508,671,216
7509,672,254
7510,672,299
7511,672,351
7512,673,412
7513,673,484
7514,673,569
7515,673,668
7516,673,785
7517,673,922
7518,673,1082
7519,673,1270
7520,674,1491
7521,674,1749
7522,674,2052
7523,674,2406
7524,674,2820
7525,674,3304
7526,54,1
7527,56,1
7528,57,1
7529,58,1
7530,59,1
7531,59,1
7532,60,1
7533,60,1
7534,60,1
7535,61,1
7536,61,1
7537,61,1
7538,61,1
7539,61,1
7540,61,1
7541,61,1
7542,61,1
7543,61,1
7544,61,1
7545,61,1
7546,61,1
7547,61,1
7548,61,1
7549,61,1
7550,61,1
7551,61,1
7552,61,1
7553,61,1
7554,61,1
7555,61,1
7556,61,1
7557,61,1
7558,61,1
7559,61,1
7560,61,1
7561,61,1
7562,61,1
7563,61,1
7564,61,1
7565,61,1
7566,61,1
7567,61,1
7568,61,1
7569,12,0
7570,12,0
7571,12,0
7572,12,0
7573,12,0
7574,12,0
7575,12,0
7576,12,0
7577,12,0
7578,12,0
7579,12,0
7580,12,0
7581,12,0
7582,12,0
7583,12,0
7584,12,0
7585,12,0
7586,12,0
7587,12,0
7588,12,0
7589,12,0
7590,12,0
7591,12,0
7592,12,0
7593,12,0
7594,12,0
7595,12,0
7596,12,0
7597,12,0
7598,12,0
7599,12,0
7600,12,0
7601,12,0
7602,12,0
7603,12,0
7604,12,0
7605,12,0
7606,12,0
7607,12,0
7608,12,0
7609,12,0
7610,12,0
7611,12,0
7612,101,1
7613,103,1
7614,103,1
7615,104,1
7616,104,1
7617,104,1
7618,104,1
7619,104,1
7620,104,1
7621,105,1
7622,105,1
7623,105,1
7624,105,1
7625,105,1
7626,105,1
7627,105,1
7628,105,1
7629,105,1
7630,105,1
7631,105,1
7632,105,1
7633,105,1
7634,105,1
7635,105,1
7636,105,1
7637,105,1
7638,105,1
7639,105,1
7640,105,1
7641,105,1
7642,105,1
7643,105,1
7644,105,1
7645,105,1
7646,105,1
7647,105,1
7648,105,1
7649,105,1
7650,105,1
7651,105,1
7652,105,1
7653,105,1
7654,105,1
7655,699,38
7656,769,39
7657,834,40
7658,892,40
7659,943,40
7660,986,40
7661,1022,41
7662,1051,41
7663,1075,41
7664,1095,41
7665,1110,41
7666,1122,41
7667,1132,41
7668,1139,41
7669,1145,41
7670,1150,41
7671,1153,41
7672,1156,41
7673,1158,41
7674,1160,41
7675,1161,41
7676,1162,41
7677,1162,41
7678,1163,41
7679,1164,41
7680,1164,41
7681,1164,41
7682,1164,41
7683,1165,41
7684,1165,41
7685,1165,41
7686,1165,41
7687,1165,41
7688,1165,41
7689,1165,41
7690,1165,41
7691,1165,41
7692,1165,41
7693,1165,41
7694,1165,41
7695,1165,41
7696,1165,41
7697,1165,41
7698,8,0
7699,8,0
7700,8,0
7701,8,0
7702,8,0
7703,8,0
7704,8,0
7705,8,0
7706,8,0
7707,8,0
7708,8,0
7709,8,0
7710,8,0
7711,8,0
7712,8,0
7713,8,0
7714,8,0
7715,8,0
7716,8,0
7717,8,0
7718,8,0
7719,8,0
7720,8,0
7721,8,0
7722,8,0
7723,8,0
7724,8,0
7725,8,0
7726,8,0
7727,8,0
7728,8,0
7729,8,0
7730,8,0
7731,8,0
7732,8,0
7733,8,0
7734,8,0
7735,8,0
7736,8,0
7737,8,0
7738,8,0
7739,8,0
7740,8,0
7741,12,0
7742,13,0
7743,13,0
7744,13,0
7745,14,0
7746,14,0
7747,14,0
7748,14,0
7749,15,0
7750,15,0
7751,15,0
7752,15,0
7753,15,0
7754,15,0
7755,15,0
7756,15,0
7757,15,0
7758,15,0
7759,15,0
7760,15,0
7761,15,0
7762,15,0
7763,15,0
7764,15,0
7765,15,0
7766,15,0
7767,15,0
7768,15,0
7769,15,0
7770,15,0
7771,15,0
7772,15,0
7773,15,0
7774,15,0
7775,15,0
7776,15,0
7777,15,0
7778,15,0
7779,15,0
7780,15,0
7781,15,0
7782,15,0
7783,15,0
7784,5,0
7785,5,0
7786,5,0
7787,5,0
7788,5,0
7789,5,0
7790,5,0
7791,5,0
7792,5,0
7793,5,0
7794,5,0
7795,5,0
7796,5,0
7797,5,0
7798,5,0
7799,5,0
7800,5,0
7801,5,0
7802,5,0
7803,5,0
7804,5,0
7805,5,0
7806,5,0
7807,5,0
7808,5,0
7809,5,0
7810,5,0
7811,5,0
7812,5,0
7813,5,0
7814,5,0
7815,5,0
7816,5,0
7817,5,0
7818,5,0
7819,5,0
7820,5,0
7821,5,0
7822,5,0
7823,5,0
7824,5,0
7825,5,0
7826,5,0
7827,58,0
7828,60,0
7829,61,0
7830,61,0
7831,62,0
7832,62,0
7833,62,0
7834,62,0
7835,62,0
7836,62,0
7837,62,0
7838,62,0
7839,62,0
7840,62,0
7841,62,0
7842,62,0
7843,62,0
7844,62,0
7845,62,0
7846,62,0
7847,62,0
7848,62,0
7849,62,0
7850,62,0
7851,62,0
7852,62,0
7853,62,0
7854,62,0
7855,62,0
7856,62,0
7857,62,0
7858,62,0
7859,62,0
7860,62,0
7861,62,0
7862,62,0
7863,62,0
7864,62,0
7865,62,0
7866,62,0
7867,62,0
7868,62,0
7869,62,0
7870,0,0
7871,0,0
7872,0,0
7873,0,0
7874,0,0
7875,0,0
7876,0,0
7877,0,0
7878,0,0
7879,0,0
7880,0,0
7881,0,0
7882,0,0
7883,0,0
7884,0,0
7885,0,0
7886,0,0
7887,0,0
7888,0,0
7889,0,0
7890,0,0
7891,0,0
7892,0,0
7893,0,0
7894,0,0
7895,0,0
7896,0,0
7897,0,0
7898,0,0
7899,0,0
7900,0,0
7901,0,0
7902,0,0
7903,0,0
7904,0,0
7905,0,0
7906,0,0
7907,0,0
7908,0,0
7909,0,0
7910,0,0
7911,0,0
7912,0,0
7913,12,1
7914,12,1
7915,13,1
7916,14,1
7917,14,1
7918,15,1
7919,15,1
7920,16,1
7921,16,1
7922,16,1
7923,16,1
7924,17,1
7925,17,1
7926,17,1
7927,17,1
7928,17,1
7929,17,1
7930,17,1
7931,17,1
7932,17,1
7933,17,1
7934,17,1
7935,17,1
7936,17,1
7937,17,1
7938,17,1
7939,17,1
7940,17,1
7941,18,1
7942,18,1
7943,18,1
7944,18,1
7945,18,1
7946,18,1
7947,18,1
7948,18,1
7949,18,1
7950,18,1
7951,18,1
7952,18,1
7953,18,1
7954,18,1
7955,18,1
7956,7,0
7957,7,0
7958,8,0
7959,8,0
7960,8,0
7961,9,0
7962,9,0
7963,9,0
7964,9,0
7965,9,0
7966,9,0
7967,9,0
7968,9,0
7969,9,0
7970,9,0
7971,9,0
7972,9,0
7973,9,0
7974,9,0
7975,9,0
7976,9,0
7977,9,0
7978,9,0
7979,9,0
7980,9,0
7981,9,0
7982,9,0
7983,9,0
7984,9,0
7985,9,0
7986,9,0
7987,9,0
7988,9,0
7989,9,0
7990,9,0
7991,9,0
7992,9,0
7993,9,0
7994,9,0
7995,9,0
7996,9,0
7997,9,0
7998,9,0
7999,13698,1146
8000,14588,1262
8001,15398,1368
8002,16124,1461
8003,16764,1540
8004,17322,1606
8005,17801,1660
8006,18210,1703
8007,18555,1737
8008,18844,1764
8009,19085,1785
8010,19285,1801
8011,19450,1814
8012,19586,1823
8013,19698,1831
8014,19789,1836
8015,19863,1841
8016,19924,1844
8017,19974,1846
8018,20014,1848
8019,20047,1850
8020,20074,1851
8021,20095,1852
8022,20113,1852
8023,20127,1853
8024,20139,1853
8025,20148,1853
8026,20156,1854
8027,20162,1854
8028,20167,1854
8029,20171,1854
8030,20174,1854
8031,20177,1854
8032,20179,1854
8033,20181,1854
8034,20182,1854
8035,20184,1854
8036,20184,1854
8037,20185,1854
8038,20186,1854
8039,20186,1854
8040,20187,1854
8041,20187,1854
8042,692,1
8043,726,1
8044,751,1
8045,768,1
8046,780,1
8047,789,1
8048,794,1
8049,798,1
8050,801,1
8051,802,1
8052,804,1
8053,804,1
8054,805,1
8055,805,1
8056,805,1
8057,806,1
8058,806,1
8059,806,1
8060,806,1
8061,806,1
8062,806,1
8063,806,1
8064,806,1
8065,806,1
8066,806,1
8067,806,1
8068,806,1
8069,806,1
8070,806,1
8071,806,1
8072,806,1
8073,806,1
8074,806,1
8075,806,1
8076,806,1
8077,806,1
8078,806,1
8079,806,1
8080,806,1
8081,806,1
8082,806,1
8083,806,1
8084,806,1
8085,5,1
8086,6,1
8087,6,1
8088,6,1
8089,7,1
8090,7,1
8091,7,1
8092,7,1
8093,7,1
8094,7,1
8095,8,1
8096,8,1
8097,8,1
8098,8,1
8099,8,1
8100,8,1
8101,8,1
8102,8,1
8103,8,1
8104,8,1
8105,8,1
8106,8,1
8107,8,1
8108,8,1
8109,8,1
8110,8,1
8111,8,1
8112,8,1
8113,8,1
8114,8,1
8115,8,1
8116,8,1
8117,8,1
8118,8,1
8119,8,1
8120,8,1
8121,8,1
8122,8,1
8123,8,1
8124,8,1
8125,8,1
8126,8,1
8127,8,1
8128,34,4
8129,39,5
8130,43,7
8131,47,8
8132,50,10
8133,52,11
8134,54,12
8135,55,13
8136,56,14
8137,56,15
8138,57,15
8139,57,15
8140,57,16
8141,58,16
8142,58,16
8143,58,16
8144,58,16
8145,58,16
8146,58,16
8147,58,16
8148,58,16
8149,58,16
8150,58,16
8151,58,16
8152,58,16
8153,58,16
8154,58,16
8155,58,16
8156,58,16
8157,58,16
8158,58,16
8159,58,16
8160,58,16
8161,58,16
8162,58,16
8163,58,16
8164,58,16
8165,58,16
8166,58,16
8167,58,16
8168,58,16
8169,58,16
8170,58,16
8171,153,2
8172,166,2
8173,177,2
8174,186,2
8175,193,2
8176,200,3
8177,204,3
8178,208,3
8179,211,3
8180,214,3
8181,215,3
8182,217,3
8183,218,3
8184,219,3
8185,219,3
8186,220,3
8187,220,3
8188,220,3
8189,220,3
8190,221,3
8191,221,3
8192,221,3
8193,221,3
8194,221,3
8195,221,3
8196,221,3
8197,221,3
8198,221,3
8199,221,3
8200,221,3
8201,221,3
8202,221,3
8203,221,3
8204,221,3
8205,221,3
8206,221,3
8207,221,3
8208,221,3
8209,221,3
8210,221,3
8211,221,3
8212,221,3
8213,221,3
8214,324,11
8215,337,13
8216,347,15
8217,355,17
8218,361,19
8219,366,21
8220,370,23
8221,373,24
8222,376,25
8223,378,26
8224,379,27
8225,380,28
8226,381,28
8227,381,29
8228,382,29
8229,382,29
8230,383,29
8231,383,30
8232,383,30
8233,383,30
8234,383,30
8235,383,30
8236,383,30
8237,383,30
8238,383,30
8239,383,30
8240,383,30
8241,383,30
8242,384,30
8243,384,30
8244,384,30
8245,384,30
8246,384,30
8247,384,30
8248,384,30
8249,384,30
8250,384,30
8251,384,30
8252,384,30
8253,384,30
8254,384,30
8255,384,30
8256,384,30
8257,4812,45
8258,4982,54
8259,5134,64
8260,5270,76
8261,5391,90
8262,5497,107
8263,5589,127
8264,5670,151
8265,5739,180
8266,5799,213
8267,5851,254
8268,5895,301
8269,5933,358
8270,5965,425
8271,5993,506
8272,6016,601
8273,6036,714
8274,6053,848
8275,6067,1008
8276,6079,1197
8277,6090,1422
8278,6098,1690
8279,6106,2007
8280,6112,2383
8281,6117,2830
8282,6121,3360
8283,6125,3988
8284,6128,4733
8285,6131,5615
8286,6133,6660
8287,6135,7895
8288,6136,9356
8289,6138,11080
8290,6139,13114
8291,6140,15509
8292,6141,18326
8293,6141,21631
8294,6142,25500
8295,6142,30018
8296,6143,35278
8297,6143,41378
8298,6143,48422
8299,6144,56518
8300,224,19
8301,249,19
8302,276,19
8303,303,19
8304,332,19
8305,361,19
8306,392,19
8307,422,19
8308,452,19
8309,482,19
8310,510,19
8311,538,19
8312,565,19
8313,590,19
8314,613,19
8315,635,19
8316,655,19
8317,673,19
8318,690,19
8319,705,19
8320,718,19
8321,731,19
8322,741,19
8323,751,19
8324,759,19
8325,766,19
8326,773,19
8327,778,19
8328,783,19
8329,788,19
8330,791,19
8331,795,19
8332,798,19
8333,800,19
8334,802,19
8335,804,19
8336,806,19
8337,807,19
8338,808,19
8339,809,19
8340,810,19
8341,811,19
8342,812,19
8343,1893,31
8344,1950,39
8345,1997,48
8346,2034,59
8347,2063,73
8348,2086,90
8349,2104,112
8350,2118,138
8351,2129,171
8352,2138,212
8353,2144,262
8354,2149,324
8355,2153,401
8356,2156,496
8357,2158,613
8358,2160,758
8359,2161,938
8360,2162,1160
8361,2163,1434
8362,2164,1773
8363,2164,2191
8364,2165,2708
8365,2165,3346
8366,2165,4133
8367,2165,5102
8368,2165,6297
8369,2165,7766
8370,2165,9570
8371,2166,11784
8372,2166,14493
8373,2166,17801
8374,2166,21828
8375,2166,26712
8376,2166,32610
8377,2166,39694
8378,2166,48148
8379,2166,58159
8380,2166,69909
8381,2166,83553
8382,2166,99202
8383,2166,116898
8384,2166,136592
8385,2166,158125
8386,1273,38
8387,1385,50
8388,1486,64
8389,1576,82
8390,1654,106
8391,1720,137
8392,1775,177
8393,1820,228
8394,1857,294
8395,1887,379
8396,1910,488
8397,1929,629
8398,1944,811
8399,1956,1045
8400,1965,1346
8401,1972,1734
8402,1978,2234
8403,1982,2876
8404,1986,3703
8405,1988,4764
8406,1990,6125
8407,1992,7869
8408,1993,10100
8409,1994,12946
8410,1995,16566
8411,1996,21155
8412,1996,26943
8413,1996,34200
8414,1997,43231
8415,1997,54365
8416,1997,67935
8417,1997,84245
8418,1997,103520
8419,1997,125852
8420,1997,151139
8421,1997,179040
8422,1998,208958
8423,1998,240071
8424,1998,271414
8425,1998,301993
8426,1998,330908
8427,1998,357452
8428,1998,381165
8429,1,0
8430,1,0
8431,1,0
8432,1,0
8433,1,0
8434,1,0
8435,1,0
8436,1,0
8437,1,0
8438,1,0
8439,1,0
8440,1,0
8441,1,0
8442,1,0
8443,1,0
8444,1,0
8445,1,0
8446,1,0
8447,1,0
8448,1,0
8449,1,0
8450,1,0
8451,1,0
8452,1,0
8453,1,0
8454,1,0
8455,1,0
8456,1,0
8457,1,0
8458,1,0
8459,1,0
8460,1,0
8461,1,0
8462,1,0
8463,1,0
8464,1,0
8465,1,0
8466,1,0
8467,1,0
8468,1,0
8469,1,0
8470,1,0
8471,1,0
8472,72,3
8473,76,3
8474,79,3
8475,82,3
8476,84,3
8477,86,3
8478,87,3
8479,89,3
8480,90,3
8481,90,3
8482,91,3
8483,91,3
8484,92,3
8485,92,3
8486,92,3
8487,93,3
8488,93,3
8489,93,3
8490,93,3
8491,93,3
8492,93,3
8493,93,3
8494,93,3
8495,93,3
8496,93,3
8497,93,3
8498,93,3
8499,93,3
8500,93,3
8501,93,3
8502,93,3
8503,93,3
8504,93,3
8505,93,3
8506,93,3
8507,93,3
8508,93,3
8509,93,3
8510,93,3
8511,93,3
8512,93,3
8513,93,3
8514,93,3
8515,1132,37
8516,1224,45
8517,1311,55
8518,1392,67
8519,1466,81
8520,1533,97
8521,1592,114
8522,1644,133
8523,1689,152
8524,1728,172
8525,1761,193
8526,1789,212
8527,1812,231
8528,1832,248
8529,1848,263
8530,1862,277
8531,1873,288
8532,1882,298
8533,1890,307
8534,1896,314
8535,1902,319
8536,1906,324
8537,1909,328
8538,1912,331
8539,1915,333
8540,1917,335
8541,1918,337
8542,1919,338
8543,1920,339
8544,1921,340
8545,1922,340
8546,1923,341
8547,1923,341
8548,1923,341
8549,1924,342
8550,1924,342
8551,1924,342
8552,1924,342
8553,1925,342
8554,1925,342
8555,1925,342
8556,1925,342
8557,1925,342
8558,2416,97
8559,2929,107
8560,3552,116
8561,4306,124
8562,5218,133
8563,6321,140
8564,7654,148
8565,9263,154
8566,11203,160
8567,13538,165
8568,16343,170
8569,19706,174
8570,23728,177
8571,28522,180
8572,34214,182
8573,40945,185
8574,48860,186
8575,58113,188
8576,68850,189
8577,81207,190
8578,95291,191
8579,111170,192
8580,128852,193
8581,148274,193
8582,169289,194
8583,191659,194
8584,215063,194
8585,239108,194
8586,263358,195
8587,287358,195
8588,310674,195
8589,332919,195
8590,353782,195
8591,373032,195
8592,390533,195
8593,406228,195
8594,420133,195
8595,432319,195
8596,442899,195
8597,452009,196
8598,459797,196
8599,466416,196
8600,472011,196
8601,2491,39
8602,2681,47
8603,2855,55
8604,3011,65
8605,3147,77
8606,3264,91
8607,3364,107
8608,3448,127
8609,3518,150
8610,3576,177
8611,3624,209
8612,3662,247
8613,3693,292
8614,3719,345
8615,3739,408
8616,3756,482
8617,3769,570
8618,3779,673
8619,3788,795
8620,3794,940
8621,3800,1110
8622,3804,1312
8623,3807,1549
8624,3810,1830
8625,3812,2161
8626,3814,2552
8627,3815,3014
8628,3817,3558
8629,3817,4199
8630,3818,4955
8631,3819,5846
8632,3819,6894
8633,3819,8127
8634,3820,9576
8635,3820,11278
8636,3820,13273
8637,3820,15611
8638,3820,18344
8639,3821,21534
8640,3821,25250
8641,3821,29566
8642,3821,34566
8643,3821,40338
8644,8037,174
8645,8650,186
8646,9185,195
8647,9640,202
8648,10019,207
8649,10329,210
8650,10578,212
8651,10777,214
8652,10934,215
8653,11057,215
8654,11152,216
8655,11226,216
8656,11284,216
8657,11328,216
8658,11362,217
8659,11387,217
8660,11407,217
8661,11423,217
8662,11434,217
8663,11443,217
8664,11450,217
8665,11455,217
8666,11459,217
8667,11462,217
8668,11464,217
8669,11466,217
8670,11468,217
8671,11469,217
8672,11469,217
8673,11470,217
8674,11470,217
8675,11471,217
8676,11471,217
8677,11471,217
8678,11471,217
8679,11472,217
8680,11472,217
8681,11472,217
8682,11472,217
8683,11472,217
8684,11472,217
8685,11472,217
8686,11472,217
8687,593,2
8688,593,3
8689,593,3
8690,594,3
8691,594,3
8692,594,3
8693,594,3
8694,594,4
8695,594,4
8696,594,4
8697,594,4
8698,594,4
8699,594,4
8700,594,4
8701,594,4
8702,594,4
8703,594,4
8704,594,4
8705,594,4
8706,594,4
8707,594,4
8708,594,4
8709,594,4
8710,594,4
8711,594,4
8712,594,4
8713,594,4
8714,594,4
8715,594,4
8716,594,4
8717,594,4
8718,594,4
8719,594,4
8720,594,4
8721,594,4
8722,594,4
8723,594,4
8724,594,4
8725,594,4
8726,594,4
8727,594,4
8728,594,4
8729,594,4
8730,2593,103
8731,2873,125
8732,3144,148
8733,3398,171
8734,3631,191
8735,3840,208
8736,4025,223
8737,4184,234
8738,4320,243
8739,4435,250
8740,4531,255
8741,4610,258
8742,4674,261
8743,4727,263
8744,4770,264
8745,4804,265
8746,4832,266
8747,4855,266
8748,4872,267
8749,4887,267
8750,4898,267
8751,4907,267
8752,4915,267
8753,4920,267
8754,4925,267
8755,4929,267
8756,4932,268
8757,4934,268
8758,4936,268
8759,4937,268
8760,4938,268
8761,4939,268
8762,4940,268
8763,4941,268
8764,4941,268
8765,4942,268
8766,4942,268
8767,4942,268
8768,4942,268
8769,4942,268
8770,4942,268
8771,4943,268
8772,4943,268
8773,2828,23
8774,3451,34
8775,4197,49
8776,5085,71
8777,6134,103
8778,7361,151
8779,8779,219
8780,10396,319
8781,12215,464
8782,14224,675
8783,16405,983
8784,18723,1429
8785,21136,2078
8786,23592,3019
8787,26036,4383
8788,28414,6354
8789,30677,9197
8790,32787,13277
8791,34716,19096
8792,36448,27323
8793,37978,38809
8794,39312,54565
8795,40459,75668
8796,41437,103044
8797,42261,137125
8798,42952,177439
8799,43526,222342
8800,44001,269129
8801,44393,314605
8802,44715,355919
8803,44978,391210
8804,45193,419805
8805,45368,441998
8806,45510,458654
8807,45626,470843
8808,45720,479598
8809,45796,485803
8810,45858,490160
8811,45907,493199
8812,45948,495308
8813,45981,496767
8814,46007,497775
8815,46028,498469
8816,76,0
8817,78,0
8818,79,0
8819,80,0
8820,81,0
8821,82,0
8822,82,0
8823,82,0
8824,82,0
8825,82,0
8826,83,0
8827,83,0
8828,83,0
8829,83,0
8830,83,0
8831,83,0
8832,83,0
8833,83,0
8834,83,0
8835,83,0
8836,83,0
8837,83,0
8838,83,0
8839,83,0
8840,83,0
8841,83,0
8842,83,0
8843,83,0
8844,83,0
8845,83,0
8846,83,0
8847,83,0
8848,83,0
8849,83,0
8850,83,0
8851,83,0
8852,83,0
8853,83,0
8854,83,0
8855,83,0
8856,83,0
8857,83,0
8858,83,0
8859,12,0
8860,18,0
8861,27,0
8862,40,0
8863,60,0
8864,89,0
8865,133,0
8866,197,0
8867,292,0
8868,434,0
8869,644,0
8870,955,0
8871,1414,0
8872,2089,0
8873,3078,0
8874,4514,0
8875,6579,0
8876,9502,0
8877,13554,0
8878,19004,0
8879,26048,0
8880,34701,0
8881,44684,0
8882,55406,0
8883,66069,0
8884,75894,0
8885,84328,0
8886,91141,0
8887,96378,0
8888,100253,0
8889,103039,0
8890,105002,0
8891,106365,0
8892,107302,0
8893,107942,0
8894,108376,0
8895,108670,0
8896,108869,0
8897,109003,0
8898,109094,0
8899,109155,0
8900,109196,0
8901,109223,0
8902,15,0
8903,18,0
8904,23,0
8905,29,0
8906,36,0
8907,45,0
8908,56,0
8909,70,0
8910,88,0
8911,110,0
8912,138,0
8913,172,0
8914,215,0
8915,270,0
8916,338,0
8917,422,0
8918,529,0
8919,662,0
8920,828,0
8921,1036,0
8922,1296,0
8923,1622,0
8924,2029,0
8925,2537,0
8926,3172,0
8927,3964,0
8928,4953,0
8929,6185,0
8930,7718,0
8931,9623,0
8932,11988,0
8933,14915,0
8934,18530,0
8935,22978,0
8936,28429,0
8937,35077,0
8938,43132,0
8939,52823,0
8940,64376,0
8941,78004,0
8942,93880,0
8943,112104,0
8944,132678,0
8945,1,0
8946,1,0
8947,1,0
8948,1,0
8949,1,0
8950,1,0
8951,1,0
8952,1,0
8953,1,0
8954,1,0
8955,1,0
8956,1,0
8957,1,0
8958,1,0
8959,1,0
8960,1,0
8961,1,0
8962,1,0
8963,1,0
8964,1,0
8965,1,0
8966,1,0
8967,1,0
8968,1,0
8969,1,0
8970,1,0
8971,1,0
8972,1,0
8973,1,0
8974,1,0
8975,1,0
8976,1,0
8977,1,0
8978,1,0
8979,1,0
8980,1,0
8981,1,0
8982,1,0
8983,1,0
8984,1,0
8985,1,0
8986,1,0
8987,1,0
8988,240,24
8989,244,24
8990,246,24
8991,249,24
8992,251,24
8993,252,24
8994,254,24
8995,255,24
8996,256,24
8997,257,24
8998,257,24
8999,258,24
9000,259,24
9001,259,24
9002,259,24
9003,260,24
9004,260,24
9005,260,24
9006,260,24
9007,260,24
9008,260,24
9009,261,24
9010,261,24
9011,261,24
9012,261,24
9013,261,24
9014,261,24
9015,261,24
9016,261,24
9017,261,24
9018,261,24
9019,261,24
9020,261,24
9021,261,24
9022,261,24
9023,261,24
9024,261,24
9025,261,24
9026,261,24
9027,261,24
9028,261,24
9029,261,24
9030,261,24
9031,0,0
9032,0,0
9033,0,0
9034,0,0
9035,0,0
9036,0,0
9037,0,0
9038,0,0
9039,0,0
9040,0,0
9041,0,0
9042,0,0
9043,0,0
9044,0,0
9045,0,0
9046,0,0
9047,0,0
9048,0,0
9049,0,0
9050,0,0
9051,0,0
9052,0,0
9053,0,0
9054,0,0
9055,0,0
9056,0,0
9057,0,0
9058,0,0
9059,0,0
9060,0,0
9061,0,0
9062,0,0
9063,0,0
9064,0,0
9065,0,0
9066,0,0
9067,0,0
9068,0,0
9069,0,0
9070,0,0
9071,0,0
9072,0,0
9073,0,0
9074,1607,11
9075,1669,12
9076,1719,12
9077,1759,13
9078,1791,13
9079,1817,13
9080,1836,13
9081,1852,13
9082,1864,13
9083,1873,13
9084,1880,13
9085,1885,13
9086,1889,13
9087,1893,13
9088,1895,13
9089,1897,13
9090,1898,13
9091,1899,13
9092,1900,13
9093,1901,13
9094,1901,13
9095,1902,13
9096,1902,13
9097,1902,13
9098,1902,13
9099,1903,13
9100,1903,13
9101,1903,13
9102,1903,13
9103,1903,13
9104,1903,13
9105,1903,13
9106,1903,13
9107,1903,13
9108,1903,13
9109,1903,13
9110,1903,13
9111,1903,13
9112,1903,13
9113,1903,13
9114,1903,13
9115,1903,13
9116,1903,13
9117,182,0
9118,192,0
9119,200,0
9120,208,0
9121,214,0
9122,220,0
9123,224,0
9124,228,0
9125,231,0
9126,234,0
9127,236,0
9128,238,0
9129,240,0
9130,241,0
9131,242,0
9132,243,0
9133,243,0
9134,244,0
9135,244,0
9136,244,0
9137,245,0
9138,245,0
9139,245,0
9140,245,0
9141,245,0
9142,245,0
9143,246,0
9144,246,0
9145,246,0
9146,246,0
9147,246,0
9148,246,0
9149,246,0
9150,246,0
9151,246,0
9152,246,0
9153,246,0
9154,246,0
9155,246,0
9156,246,0
9157,246,0
9158,246,0
9159,246,0
9160,1012,15
9161,1113,15
9162,1209,15
9163,1298,15
9164,1378,15
9165,1449,15
9166,1511,15
9167,1565,15
9168,1609,15
9169,1647,15
9170,1678,15
9171,1703,15
9172,1724,15
9173,1741,15
9174,1754,15
9175,1765,15
9176,1774,15
9177,1781,15
9178,1787,15
9179,1791,15
9180,1795,15
9181,1798,15
9182,1800,15
9183,1802,15
9184,1803,15
9185,1804,15
9186,1805,15
9187,1806,15
9188,1806,15
9189,1807,15
9190,1807,15
9191,1807,15
9192,1808,15
9193,1808,15
9194,1808,15
9195,1808,15
9196,1808,15
9197,1808,15
9198,1808,15
9199,1808,15
9200,1808,15
9201,1808,15
9202,1808,15
9203,8,0
9204,8,0
9205,8,0
9206,8,0
9207,8,0
9208,8,0
9209,8,0
9210,8,0
9211,8,0
9212,8,0
9213,8,0
9214,8,0
9215,8,0
9216,8,0
9217,8,0
9218,8,0
9219,8,0
9220,8,0
9221,8,0
9222,8,0
9223,8,0
9224,8,0
9225,8,0
9226,8,0
9227,8,0
9228,8,0
9229,8,0
9230,8,0
9231,8,0
9232,8,0
9233,8,0
9234,8,0
9235,8,0
9236,8,0
9237,8,0
9238,8,0
9239,8,0
9240,8,0
9241,8,0
9242,8,0
9243,8,0
9244,8,0
9245,8,0
9246,19,0
9247,19,0
9248,19,0
9249,19,0
9250,19,0
9251,19,0
9252,19,0
9253,19,0
9254,19,0
9255,19,0
9256,19,0
9257,19,0
9258,19,0
9259,19,0
9260,19,0
9261,19,0
9262,19,0
9263,19,0
9264,19,0
9265,19,0
9266,19,0
9267,19,0
9268,19,0
9269,19,0
9270,19,0
9271,19,0
9272,19,0
9273,19,0
9274,19,0
9275,19,0
9276,19,0
9277,19,0
9278,19,0
9279,19,0
9280,19,0
9281,19,0
9282,19,0
9283,19,0
9284,19,0
9285,19,0
9286,19,0
9287,19,0
9288,19,0
9289,1052,2
9290,1142,2
9291,1239,2
9292,1345,2
9293,1460,2
9294,1585,2
9295,1720,2
9296,1867,2
9297,2026,2
9298,2199,2
9299,2387,2
9300,2591,2
9301,2812,2
9302,3053,2
9303,3313,2
9304,3596,2
9305,3903,2
9306,4236,2
9307,4597,2
9308,4988,2
9309,5413,2
9310,5873,2
9311,6372,2
9312,6913,2
9313,7500,2
9314,8135,2
9315,8823,2
9316,9569,2
9317,10376,2
9318,11250,2
9319,12195,2
9320,13218,2
9321,14324,2
9322,15520,2
9323,16813,2
9324,18209,2
9325,19716,2
9326,21343,2
9327,23097,2
9328,24989,2
9329,27026,2
9330,29219,2
9331,31579,2
9332,356,0
9333,367,0
9334,375,0
9335,383,0
9336,389,0
9337,394,0
9338,399,0
9339,402,0
9340,405,0
9341,407,0
9342,409,0
9343,411,0
9344,412,0
9345,413,0
9346,414,0
9347,415,0
9348,415,0
9349,416,0
9350,416,0
9351,416,0
9352,417,0
9353,417,0
9354,417,0
9355,417,0
9356,417,0
9357,417,0
9358,417,0
9359,417,0
9360,417,0
9361,417,0
9362,417,0
9363,417,0
9364,417,0
9365,417,0
9366,417,0
9367,417,0
9368,417,0
9369,417,0
9370,417,0
9371,417,0
9372,417,0
9373,417,0
9374,417,0
9375,807,16
9376,831,17
9377,853,18
9378,871,19
9379,887,20
9380,901,21
9381,913,21
9382,923,21
9383,931,22
9384,938,22
9385,944,22
9386,950,22
9387,954,22
9388,957,22
9389,960,22
9390,963,23
9391,965,23
9392,967,23
9393,968,23
9394,969,23
9395,970,23
9396,971,23
9397,972,23
9398,972,23
9399,973,23
9400,973,23
9401,974,23
9402,974,23
9403,974,23
9404,974,23
9405,975,23
9406,975,23
9407,975,23
9408,975,23
9409,975,23
9410,975,23
9411,975,23
9412,975,23
9413,975,23
9414,975,23
9415,975,23
9416,975,23
9417,975,23
9418,5,0
9419,6,0
9420,7,0
9421,9,0
9422,10,0
9423,12,0
9424,14,0
9425,16,0
9426,19,0
9427,23,0
9428,27,0
9429,31,0
9430,37,0
9431,43,0
9432,51,0
9433,60,0
9434,71,0
9435,83,0
9436,98,0
9437,115,0
9438,135,0
9439,159,0
9440,187,0
9441,220,0
9442,259,0
9443,305,0
9444,358,0
9445,422,0
9446,496,0
9447,583,0
9448,685,0
9449,805,0
9450,947,0
9451,1112,0
9452,1306,0
9453,1534,0
9454,1801,0
9455,2113,0
9456,2479,0
9457,2906,0
9458,3404,0
9459,3985,0
9460,4661,0
9461,1420,7
9462,1441,9
9463,1454,11
9464,1463,13
9465,1469,14
9466,1473,14
9467,1475,15
9468,1477,15
9469,1477,15
9470,1478,15
9471,1478,15
9472,1479,15
9473,1479,15
9474,1479,15
9475,1479,15
9476,1479,15
9477,1479,15
9478,1479,15
9479,1479,15
9480,1479,15
9481,1479,15
9482,1479,15
9483,1479,15
9484,1479,15
9485,1479,15
9486,1479,15
9487,1479,15
9488,1479,15
9489,1479,15
9490,1479,15
9491,1479,15
9492,1479,15
9493,1479,15
9494,1479,15
9495,1479,15
9496,1479,15
9497,1479,15
9498,1479,15
9499,1479,15
9500,1479,15
9501,1479,15
9502,1479,15
9503,1479,15
9504,0,0
9505,0,0
9506,0,0
9507,0,0
9508,0,0
9509,0,0
9510,0,0
9511,0,0
9512,0,0
9513,0,0
9514,0,0
9515,0,0
9516,0,0
9517,0,0
9518,0,0
9519,0,0
9520,0,0
9521,0,0
9522,0,0
9523,0,0
9524,0,0
9525,0,0
9526,0,0
9527,0,0
9528,0,0
9529,0,0
9530,0,0
9531,0,0
9532,0,0
9533,0,0
9534,0,0
9535,0,0
9536,0,0
9537,0,0
9538,0,0
9539,0,0
9540,0,0
9541,0,0
9542,0,0
9543,0,0
9544,0,0
9545,0,0
9546,0,0
9547,102362,9107
9548,108356,9676
9549,113641,10150
9550,118221,10536
9551,122129,10843
9552,125422,11084
9553,128167,11272
9554,130434,11416
9555,132293,11526
9556,133807,11609
9557,135034,11673
9558,136025,11720
9559,136822,11756
9560,137462,11783
9561,137975,11803
9562,138385,11818
9563,138712,11829
9564,138973,11838
9565,139181,11844
9566,139346,11849
9567,139478,11853
9568,139583,11855
9569,139666,11857
9570,139733,11859
9571,139785,11860
9572,139827,11861
9573,139860,11861
9574,139887,11862
9575,139908,11862
9576,139925,11862
9577,139938,11862
9578,139948,11863
9579,139957,11863
9580,139963,11863
9581,139969,11863
9582,139973,11863
9583,139976,11863
9584,139979,11863
9585,139981,11863
9586,139983,11863
9587,139984,11863
9588,139985,11863
9589,139986,11863
9590,122,2
9591,123,2
9592,123,2
9593,123,2
9594,123,2
9595,124,2
9596,124,2
9597,124,2
9598,124,2
9599,124,2
9600,124,2
9601,124,2
9602,124,2
9603,124,2
9604,124,2
9605,124,2
9606,124,2
9607,124,2
9608,124,2
9609,124,2
9610,124,2
9611,124,2
9612,124,2
9613,124,2
9614,124,2
9615,124,2
9616,124,2
9617,124,2
9618,124,2
9619,124,2
9620,124,2
9621,124,2
9622,124,2
9623,124,2
9624,124,2
9625,124,2
9626,124,2
9627,124,2
9628,124,2
9629,124,2
9630,124,2
9631,124,2
9632,124,2
9633,8,1
9634,9,1
9635,11,1
9636,12,1
9637,14,1
9638,16,1
9639,18,1
9640,21,1
9641,24,1
9642,27,1
9643,31,1
9644,35,1
9645,40,1
9646,46,1
9647,53,1
9648,60,1
9649,68,1
9650,78,1
9651,88,1
9652,100,1
9653,113,1
9654,128,1
9655,145,1
9656,164,1
9657,184,1
9658,207,1
9659,232,1
9660,259,1
9661,288,1
9662,320,1
9663,354,1
9664,390,1
9665,428,1
9666,468,1
9667,509,1
9668,552,1
9669,596,1
9670,640,1
9671,684,1
9672,727,1
9673,770,1
9674,812,1
9675,852,1
9676,9,0
9677,9,0
9678,9,0
9679,9,0
9680,9,0
9681,9,0
9682,9,0
9683,9,0
9684,9,0
9685,9,0
9686,9,0
9687,9,0
9688,9,0
9689,9,0
9690,9,0
9691,9,0
9692,9,0
9693,9,0
9694,9,0
9695,9,0
9696,9,0
9697,9,0
9698,9,0
9699,9,0
9700,9,0
9701,9,0
9702,9,0
9703,9,0
9704,9,0
9705,9,0
9706,9,0
9707,9,0
9708,9,0
9709,9,0
9710,9,0
9711,9,0
9712,9,0
9713,9,0
9714,9,0
9715,9,0
9716,9,0
9717,9,0
9718,9,0
9719,4582,193
9720,4857,213
9721,5124,230
9722,5380,245
9723,5623,258
9724,5852,268
9725,6066,276
9726,6264,282
9727,6446,287
9728,6613,291
9729,6764,294
9730,6901,296
9731,7024,297
9732,7134,299
9733,7232,300
9734,7319,300
9735,7396,301
9736,7464,301
9737,7524,302
9738,7577,302
9739,7623,302
9740,7663,302
9741,7699,302
9742,7730,302
9743,7757,302
9744,7780,302
9745,7800,302
9746,7818,302
9747,7834,302
9748,7847,302
9749,7859,302
9750,7869,302
9751,7878,302
9752,7885,302
9753,7892,302
9754,7898,302
9755,7903,302
9756,7907,302
9757,7911,302
9758,7914,302
9759,7917,302
9760,7919,302
9761,7921,302
9762,16902,481
9763,17327,540
9764,17670,600
9765,17945,658
9766,18164,714
9767,18336,765
9768,18472,812
9769,18579,853
9770,18662,890
9771,18727,921
9772,18777,948
9773,18817,971
9774,18847,989
9775,18871,1005
9776,18889,1018
9777,18903,1028
9778,18914,1037
9779,18923,1044
9780,18929,1049
9781,18934,1054
9782,18938,1057
9783,18941,1060
9784,18944,1062
9785,18946,1064
9786,18947,1066
9787,18948,1067
9788,18949,1068
9789,18950,1069
9790,18950,1069
9791,18950,1070
9792,18951,1070
9793,18951,1071
9794,18951,1071
9795,18951,1071
9796,18951,1071
9797,18951,1071
9798,18952,1071
9799,18952,1072
9800,18952,1072
9801,18952,1072
9802,18952,1072
9803,18952,1072
9804,18952,1072
9805,11,2
9806,11,2
9807,12,2
9808,12,2
9809,12,2
9810,12,2
9811,12,2
9812,12,2
9813,12,2
9814,12,2
9815,12,2
9816,12,2
9817,12,2
9818,12,2
9819,12,2
9820,12,2
9821,12,2
9822,12,2
9823,12,2
9824,12,2
9825,12,2
9826,12,2
9827,12,2
9828,12,2
9829,12,2
9830,12,2
9831,12,2
9832,12,2
9833,12,2
9834,12,2
9835,12,2
9836,12,2
9837,12,2
9838,12,2
9839,12,2
9840,12,2
9841,12,2
9842,12,2
9843,12,2
9844,12,2
9845,12,2
9846,12,2
9847,12,2
9848,358,4
9849,378,4
9850,397,4
9851,415,5
9852,433,5
9853,449,5
9854,464,6
9855,479,6
9856,492,6
9857,504,7
9858,516,7
9859,526,8
9860,535,8
9861,543,9
9862,551,9
9863,557,10
9864,563,11
9865,569,12
9866,573,12
9867,577,13
9868,581,14
9869,584,15
9870,587,16
9871,590,17
9872,592,19
9873,594,20
9874,595,21
9875,597,23
9876,598,24
9877,599,26
9878,600,28
9879,601,30
9880,602,32
9881,603,34
9882,603,37
9883,604,39
9884,604,42
9885,605,45
9886,605,48
9887,605,52
9888,606,55
9889,606,59
9890,606,63
9891,16,19
9892,17,19
9893,17,19
9894,17,19
9895,17,19
9896,17,19
9897,17,19
9898,17,19
9899,17,19
9900,17,19
9901,17,19
9902,17,19
9903,17,19
9904,17,19
9905,17,19
9906,17,19
9907,17,19
9908,17,19
9909,17,19
9910,17,19
9911,17,19
9912,17,19
9913,17,19
9914,17,19
9915,17,19
9916,17,19
9917,17,19
9918,17,19
9919,17,19
9920,17,19
9921,17,19
9922,17,19
9923,17,19
9924,17,19
9925,17,19
9926,17,19
9927,17,19
9928,17,19
9929,17,19
9930,17,19
9931,17,19
9932,17,19
9933,17,19
9934,1689,12
9935,1755,15
9936,1809,18
9937,1853,21
9938,1889,26
9939,1917,31
9940,1939,38
9941,1957,45
9942,1970,54
9943,1981,66
9944,1989,79
9945,1995,95
9946,2000,115
9947,2004,139
9948,2007,167
9949,2009,201
9950,2011,243
9951,2012,293
9952,2013,353
9953,2014,425
9954,2015,513
9955,2015,618
9956,2016,744
9957,2016,897
9958,2016,1080
9959,2016,1301
9960,2016,1567
9961,2017,1886
9962,2017,2269
9963,2017,2728
9964,2017,3279
9965,2017,3938
9966,2017,4726
9967,2017,5665
9968,2017,6784
9969,2017,8111
9970,2017,9683
9971,2017,11537
9972,2017,13713
9973,2017,16256
9974,2017,19210
9975,2017,22618
9976,2017,26520
9977,1,0
9978,1,0
9979,1,0
9980,1,0
9981,1,0
9982,1,0
9983,1,0
9984,1,0
9985,1,0
9986,1,0
9987,1,0
9988,1,0
9989,1,0
9990,1,0
9991,1,0
9992,1,0
9993,1,0
9994,1,0
9995,1,0
9996,1,0
9997,1,0
9998,1,0
9999,1,0
10000,1,0
10001,1,0
10002,1,0
10003,1,0
10004,1,0
10005,1,0
10006,1,0
10007,1,0
10008,1,0
10009,1,0
10010,1,0
10011,1,0
10012,1,0
10013,1,0
10014,1,0
10015,1,0
10016,1,0
10017,1,0
10018,1,0
10019,1,0
10020,29,1
10021,29,1
10022,29,1
10023,29,1
10024,29,1
10025,29,1
10026,29,1
10027,29,1
10028,29,1
10029,29,1
10030,29,1
10031,29,1
10032,29,1
10033,29,1
10034,29,1
10035,29,1
10036,29,1
10037,29,1
10038,29,1
10039,29,1
10040,29,1
10041,29,1
10042,29,1
10043,29,1
10044,29,1
10045,29,1
10046,29,1
10047,29,1
10048,29,1
10049,29,1
10050,29,1
10051,29,1
10052,29,1
10053,29,1
10054,29,1
10055,29,1
10056,29,1
10057,29,1
10058,29,1
10059,29,1
10060,29,1
10061,29,1
10062,29,1
10063,79,3
10064,79,3
10065,79,3
10066,79,3
10067,79,3
10068,79,3
10069,79,3
10070,79,3
10071,79,3
10072,79,3
10073,79,3
10074,79,3
10075,79,3
10076,79,3
10077,79,3
10078,79,3
10079,79,3
10080,79,3
10081,79,3
10082,79,3
10083,79,3
10084,79,3
10085,79,3
10086,79,3
10087,79,3
10088,79,3
10089,79,3
10090,79,3
10091,79,3
10092,79,3
10093,79,3
10094,79,3
10095,79,3
10096,79,3
10097,79,3
10098,79,3
10099,79,3
10100,79,3
10101,79,3
10102,79,3
10103,79,3
10104,79,3
10105,79,3
10106,411,9
10107,439,10
10108,462,10
10109,482,10
10110,498,10
10111,510,10
10112,520,10
10113,528,10
10114,534,10
10115,538,10
10116,542,10
10117,545,10
10118,547,10
10119,548,10
10120,549,10
10121,550,10
10122,551,10
10123,551,10
10124,552,10
10125,552,10
10126,552,10
10127,552,10
10128,553,10
10129,553,10
10130,553,10
10131,553,10
10132,553,10
10133,553,10
10134,553,10
10135,553,10
10136,553,10
10137,553,10
10138,553,10
10139,553,10
10140,553,10
10141,553,10
10142,553,10
10143,553,10
10144,553,10
10145,553,10
10146,553,10
10147,553,10
10148,553,10
10149,15164,247
10150,16700,286
10151,17910,325
10152,18819,361
10153,19479,394
10154,19944,423
10155,20268,448
10156,20489,468
10157,20639,485
10158,20741,498
10159,20809,508
10160,20854,516
10161,20885,522
10162,20905,527
10163,20919,530
10164,20928,533
10165,20934,535
10166,20938,536
10167,20941,537
10168,20943,538
10169,20944,539
10170,20945,539
10171,20945,540
10172,20946,540
10173,20946,540
10174,20946,540
10175,20946,540
10176,20946,540
10177,20946,540
10178,20946,540
10179,20946,541
10180,20946,541
10181,20946,541
10182,20946,541
10183,20946,541
10184,20946,541
10185,20946,541
10186,20946,541
10187,20946,541
10188,20946,541
10189,20946,541
10190,20946,541
10191,20946,541
10192,1052,38
10193,1101,64
10194,1139,110
10195,1166,187
10196,1185,320
10197,1199,545
10198,1209,929
10199,1216,1584
10200,1220,2696
10201,1224,4583
10202,1226,7769
10203,1228,13112
10204,1229,21966
10205,1230,36352
10206,1230,58997
10207,1230,92920
10208,1231,140151
10209,1231,199617
10210,1231,265684
10211,1231,329623
10212,1231,383748
10213,1231,424611
10214,1231,452873
10215,1231,471257
10216,1231,482742
10217,1231,489737
10218,1231,493931
10219,1231,496423
10220,1231,497895
10221,1231,498762
10222,1231,499272
10223,1231,499571
10224,1231,499746
10225,1231,499849
10226,1231,499909
10227,1231,499945
10228,1231,499965
10229,1231,499977
10230,1231,499985
10231,1231,499989
10232,1231,499991
10233,1231,499993
10234,1231,499993
10235,135,3
10236,144,3
10237,152,3
10238,158,4
10239,163,4
10240,166,4
10241,169,4
10242,171,4
10243,172,4
10244,173,4
10245,174,4
10246,175,4
10247,175,4
10248,176,4
10249,176,4
10250,176,4
10251,176,4
10252,176,4
10253,176,4
10254,176,4
10255,176,4
10256,176,4
10257,176,4
10258,176,4
10259,176,4
10260,176,4
10261,176,4
10262,176,4
10263,176,4
10264,176,4
10265,176,4
10266,176,4
10267,176,4
10268,176,4
10269,176,4
10270,176,4
10271,176,4
10272,176,4
10273,176,4
10274,176,4
10275,176,4
10276,176,4
10277,176,4
10278,1436,25
10279,1565,26
10280,1672,27
10281,1759,27
10282,1828,28
10283,1880,28
10284,1920,28
10285,1949,28
10286,1971,28
10287,1987,28
10288,1998,28
10289,2007,28
10290,2013,28
10291,2017,28
10292,2020,28
10293,2023,28
10294,2024,28
10295,2025,28
10296,2026,28
10297,2027,28
10298,2027,28
10299,2028,28
10300,2028,28
10301,2028,28
10302,2028,28
10303,2028,28
10304,2028,28
10305,2028,28
10306,2028,28
10307,2028,28
10308,2028,28
10309,2028,28
10310,2028,28
10311,2028,28
10312,2028,28
10313,2028,28
10314,2028,28
10315,2028,28
10316,2028,28
10317,2028,28
10318,2028,28
10319,2028,28
10320,2028,28
10321,520,9
10322,534,9
10323,545,9
10324,552,10
10325,558,10
10326,562,10
10327,565,10
10328,567,10
10329,569,10
10330,570,10
10331,571,10
10332,571,10
10333,572,10
10334,572,10
10335,572,10
10336,572,10
10337,572,10
10338,573,10
10339,573,10
10340,573,10
10341,573,10
10342,573,10
10343,573,10
10344,573,10
10345,573,10
10346,573,10
10347,573,10
10348,573,10
10349,573,10
10350,573,10
10351,573,10
10352,573,10
10353,573,10
10354,573,10
10355,573,10
10356,573,10
10357,573,10
10358,573,10
10359,573,10
10360,573,10
10361,573,10
10362,573,10
10363,573,10
10364,9254,191
10365,10392,211
10366,11535,230
10367,12656,247
10368,13731,263
10369,14739,277
10370,15665,288
10371,16501,298
10372,17241,306
10373,17887,313
10374,18444,318
10375,18919,323
10376,19319,326
10377,19654,329
10378,19932,331
10379,20162,333
10380,20351,334
10381,20506,335
10382,20632,336
10383,20735,337
10384,20819,337
10385,20887,338
10386,20942,338
10387,20987,338
10388,21023,339
10389,21052,339
10390,21075,339
10391,21094,339
10392,21109,339
10393,21122,339
10394,21132,339
10395,21140,339
10396,21146,339
10397,21151,339
10398,21156,339
10399,21159,339
10400,21162,339
10401,21164,339
10402,21166,339
10403,21167,339
10404,21168,339
10405,21169,339
10406,21170,339
10407,3281,83
10408,3675,100
10409,4059,118
10410,4422,137
10411,4756,156
10412,5056,174
10413,5320,189
10414,5549,203
10415,5742,215
10416,5904,224
10417,6038,232
10418,6147,238
10419,6236,243
10420,6308,247
10421,6366,249
10422,6412,252
10423,6448,253
10424,6477,254
10425,6500,255
10426,6519,256
10427,6533,256
10428,6545,257
10429,6554,257
10430,6561,257
10431,6566,257
10432,6571,258
10433,6574,258
10434,6577,258
10435,6579,258
10436,6581,258
10437,6582,258
10438,6583,258
10439,6584,258
10440,6584,258
10441,6585,258
10442,6585,258
10443,6586,258
10444,6586,258
10445,6586,258
10446,6586,258
10447,6586,258
10448,6586,258
10449,6587,258
10450,3770,78
10451,4470,99
10452,5198,126
10453,5926,160
10454,6624,203
10455,7270,258
10456,7846,327
10457,8345,416
10458,8765,528
10459,9110,671
10460,9388,852
10461,9610,1082
10462,9784,1373
10463,9919,1744
10464,10023,2213
10465,10103,2809
10466,10165,3563
10467,10211,4518
10468,10247,5726
10469,10274,7253
10470,10294,9178
10471,10309,11603
10472,10321,14650
10473,10330,18467
10474,10336,23230
10475,10341,29147
10476,10345,36456
10477,10348,45422
10478,10350,56325
10479,10352,69444
10480,10353,85034
10481,10354,103284
10482,10355,124278
10483,10355,147948
10484,10355,174038
10485,10356,202088
10486,10356,231448
10487,10356,261333
10488,10356,290896
10489,10356,319329
10490,10356,345943
10491,10356,370230
10492,10356,391885
10493,348,10
10494,383,11
10495,414,11
10496,442,11
10497,466,11
10498,486,11
10499,503,11
10500,517,11
10501,528,11
10502,537,11
10503,544,11
10504,550,11
10505,554,11
10506,557,11
10507,560,11
10508,562,11
10509,563,11
10510,565,11
10511,566,11
10512,566,11
10513,567,11
10514,567,11
10515,568,11
10516,568,11
10517,568,11
10518,568,11
10519,568,11
10520,568,11
10521,568,11
10522,568,11
10523,568,11
10524,569,11
10525,569,11
10526,569,11
10527,569,11
10528,569,11
10529,569,11
10530,569,11
10531,569,11
10532,569,11
10533,569,11
10534,569,11
10535,569,11
10536,531,12
10537,590,15
10538,648,20
10539,703,25
10540,756,32
10541,804,41
10542,847,52
10543,886,66
10544,920,84
10545,949,107
10546,974,137
10547,995,175
10548,1013,223
10549,1028,284
10550,1040,362
10551,1050,461
10552,1058,587
10553,1065,747
10554,1071,952
10555,1075,1211
10556,1079,1541
10557,1082,1959
10558,1084,2488
10559,1086,3157
10560,1088,4001
10561,1089,5062
10562,1090,6391
10563,1091,8048
10564,1091,10103
10565,1092,12631
10566,1092,15717
10567,1093,19440
10568,1093,23877
10569,1093,29083
10570,1093,35080
10571,1094,41848
10572,1094,49310
10573,1094,57325
10574,1094,65701
10575,1094,74203
10576,1094,82585
10577,1094,90612
10578,1094,98089
10579,8069,101
10580,9610,124
10581,11291,151
10582,13071,184
10583,14901,224
10584,16725,273
10585,18488,333
10586,20142,407
10587,21650,496
10588,22992,605
10589,24158,738
10590,25151,899
10591,25984,1097
10592,26671,1337
10593,27233,1630
10594,27687,1987
10595,28051,2421
10596,28341,2950
10597,28572,3594
10598,28754,4377
10599,28897,5329
10600,29010,6485
10601,29098,7888
10602,29168,9588
10603,29222,11645
10604,29264,14132
10605,29297,17131
10606,29323,20738
10607,29343,25065
10608,29359,30238
10609,29371,36396
10610,29381,43689
10611,29388,52278
10612,29394,62322
10613,29398,73973
10614,29402,87362
10615,29405,102585
10616,29407,119681
10617,29408,138620
10618,29410,159285
10619,29411,181461
10620,29411,204841
10621,29412,229034
10622,4236,116
10623,4774,125
10624,5297,133
10625,5791,140
10626,6245,146
10627,6651,150
10628,7005,154
10629,7308,157
10630,7562,159
10631,7773,161
10632,7946,162
10633,8085,163
10634,8197,164
10635,8287,164
10636,8358,165
10637,8414,165
10638,8458,165
10639,8493,165
10640,8520,166
10641,8542,166
10642,8558,166
10643,8571,166
10644,8582,166
10645,8590,166
10646,8596,166
10647,8601,166
10648,8604,166
10649,8607,166
10650,8609,166
10651,8611,166
10652,8613,166
10653,8614,166
10654,8615,166
10655,8615,166
10656,8616,166
10657,8616,166
10658,8616,166
10659,8617,166
10660,8617,166
10661,8617,166
10662,8617,166
10663,8617,166
10664,8617,166
10665,66,1
10666,67,1
10667,68,1
10668,69,1
10669,69,1
10670,70,1
10671,70,1
10672,70,1
10673,70,1
10674,70,1
10675,71,1
10676,71,1
10677,71,1
10678,71,1
10679,71,1
10680,71,1
10681,71,1
10682,71,1
10683,71,1
10684,71,1
10685,71,1
10686,71,1
10687,71,1
10688,71,1
10689,71,1
10690,71,1
10691,71,1
10692,71,1
10693,71,1
10694,71,1
10695,71,1
10696,71,1
10697,71,1
10698,71,1
10699,71,1
10700,71,1
10701,71,1
10702,71,1
10703,71,1
10704,71,1
10705,71,1
10706,71,1
10707,71,1
10708,213,0
10709,227,0
10710,240,0
10711,251,0
10712,260,0
10713,268,0
10714,274,0
10715,278,0
10716,282,0
10717,285,0
10718,287,0
10719,289,0
10720,291,0
10721,292,0
10722,293,0
10723,293,0
10724,294,0
10725,294,0
10726,294,0
10727,295,0
10728,295,0
10729,295,0
10730,295,0
10731,295,0
10732,295,0
10733,295,0
10734,295,0
10735,295,0
10736,295,0
10737,295,0
10738,295,0
10739,295,0
10740,295,0
10741,295,0
10742,295,0
10743,295,0
10744,295,0
10745,295,0
10746,295,0
10747,295,0
10748,295,0
10749,295,0
10750,295,0
10751,640,8
10752,830,9
10753,1077,9
10754,1398,9
10755,1814,9
10756,2352,9
10757,3050,9
10758,3953,9
10759,5120,9
10760,6627,9
10761,8571,9
10762,11071,9
10763,14280,9
10764,18385,9
10765,23611,9
10766,30230,9
10767,38555,9
10768,48933,9
10769,61730,9
10770,77302,9
10771,95941,9
10772,117822,9
10773,142927,9
10774,170989,9
10775,201452,9
10776,233491,9
10777,266083,9
10778,298135,9
10779,328625,9
10780,356721,9
10781,381867,9
10782,403790,9
10783,422470,9
10784,438079,9
10785,450911,9
10786,461318,9
10787,469666,9
10788,476305,9
10789,481548,9
10790,485665,9
10791,488884,9
10792,491393,9
10793,493343,9
10794,6702,120
10795,7412,144
10796,8054,169
10797,8617,193
10798,9095,216
10799,9492,236
10800,9815,253
10801,10072,267
10802,10275,278
10803,10434,287
10804,10557,294
10805,10651,300
10806,10723,304
10807,10778,307
10808,10820,309
10809,10851,310
10810,10875,312
10811,10893,313
10812,10907,313
10813,10917,314
10814,10925,314
10815,10931,314
10816,10936,314
10817,10939,315
10818,10941,315
10819,10943,315
10820,10945,315
10821,10946,315
10822,10947,315
10823,10947,315
10824,10948,315
10825,10948,315
10826,10948,315
10827,10949,315
10828,10949,315
10829,10949,315
10830,10949,315
10831,10949,315
10832,10949,315
10833,10949,315
10834,10949,315
10835,10949,315
10836,10949,315
10837,2416,51
10838,2651,56
10839,2841,60
10840,2987,63
10841,3095,66
10842,3174,68
10843,3231,70
10844,3270,71
10845,3298,72
10846,3317,73
10847,3330,73
10848,3340,73
10849,3346,74
10850,3350,74
10851,3353,74
10852,3355,74
10853,3356,74
10854,3357,74
10855,3358,74
10856,3358,74
10857,3359,74
10858,3359,74
10859,3359,74
10860,3359,74
10861,3359,74
10862,3359,74
10863,3359,74
10864,3359,74
10865,3359,74
10866,3359,74
10867,3359,74
10868,3359,74
10869,3359,74
10870,3359,74
10871,3359,74
10872,3359,74
10873,3359,74
10874,3359,74
10875,3359,74
10876,3359,74
10877,3359,74
10878,3359,74
10879,3359,74
10880,594,8
10881,700,9
10882,815,9
10883,939,9
10884,1069,9
10885,1201,9
10886,1333,9
10887,1461,9
10888,1583,9
10889,1696,9
10890,1798,9
10891,1889,9
10892,1969,9
10893,2037,9
10894,2096,9
10895,2145,9
10896,2185,9
10897,2219,9
10898,2247,9
10899,2270,9
10900,2288,9
10901,2303,9
10902,2315,9
10903,2325,9
10904,2333,9
10905,2339,9
10906,2344,9
10907,2348,9
10908,2351,9
10909,2354,9
10910,2356,9
10911,2358,9
10912,2359,9
10913,2360,9
10914,2361,9
10915,2362,9
10916,2362,9
10917,2363,9
10918,2363,9
10919,2363,9
10920,2364,9
10921,2364,9
10922,2364,9
10923,496,11
10924,553,13
10925,606,16
10926,653,19
10927,694,23
10928,728,28
10929,756,34
10930,778,41
10931,796,49
10932,810,59
10933,821,71
10934,829,86
10935,836,104
10936,841,126
10937,844,151
10938,847,183
10939,849,220
10940,851,266
10941,852,321
10942,853,387
10943,854,467
10944,854,564
10945,855,680
10946,855,820
10947,855,990
10948,855,1194
10949,856,1440
10950,856,1736
10951,856,2093
10952,856,2524
10953,856,3042
10954,856,3666
10955,856,4416
10956,856,5319
10957,856,6404
10958,856,7706
10959,856,9268
10960,856,11139
10961,856,13376
10962,856,16048
10963,856,19232
10964,856,23015
10965,856,27498
10966,696,12
10967,786,13
10968,874,14
10969,957,15
10970,1033,15
10971,1101,16
10972,1159,16
10973,1209,16
10974,1251,17
10975,1285,17
10976,1313,17
10977,1336,17
10978,1354,17
10979,1368,17
10980,1379,17
10981,1388,17
10982,1395,17
10983,1400,17
10984,1404,18
10985,1408,18
10986,1410,18
10987,1412,18
10988,1414,18
10989,1415,18
10990,1416,18
10991,1417,18
10992,1417,18
10993,1418,18
10994,1418,18
10995,1418,18
10996,1418,18
10997,1419,18
10998,1419,18
10999,1419,18
11000,1419,18
11001,1419,18
11002,1419,18
11003,1419,18
11004,1419,18
11005,1419,18
11006,1419,18
11007,1419,18
11008,1419,18
11009,5529,261
11010,6062,290
11011,6540,316
11012,6956,337
11013,7309,354
11014,7602,368
11015,7841,379
11016,8032,387
11017,8184,393
11018,8302,397
11019,8395,400
11020,8467,403
11021,8522,405
11022,8564,406
11023,8597,407
11024,8621,407
11025,8640,408
11026,8655,408
11027,8666,409
11028,8674,409
11029,8680,409
11030,8685,409
11031,8689,409
11032,8692,409
11033,8694,409
11034,8695,409
11035,8696,409
11036,8697,409
11037,8698,409
11038,8699,409
11039,8699,409
11040,8699,409
11041,8700,409
11042,8700,409
11043,8700,409
11044,8700,409
11045,8700,409
11046,8700,409
11047,8700,409
11048,8700,409
11049,8700,409
11050,8700,409
11051,8700,409
11052,329,6
11053,354,6
11054,378,7
11055,399,7
11056,417,7
11057,433,7
11058,446,7
11059,458,7
11060,467,7
11061,475,7
11062,481,7
11063,487,7
11064,491,7
11065,494,7
11066,497,7
11067,499,7
11068,501,7
11069,503,7
11070,504,7
11071,505,7
11072,505,7
11073,506,7
11074,507,7
11075,507,7
11076,507,7
11077,507,7
11078,508,7
11079,508,7
11080,508,7
11081,508,7
11082,508,7
11083,508,7
11084,508,7
11085,508,7
11086,508,7
11087,508,7
11088,508,7
11089,508,7
11090,508,7
11091,508,7
11092,508,7
11093,508,7
11094,508,7
11095,1927,24
11096,2170,31
11097,2395,42
11098,2595,55
11099,2768,73
11100,2912,96
11101,3030,127
11102,3124,168
11103,3199,223
11104,3256,295
11105,3300,390
11106,3334,516
11107,3360,682
11108,3379,902
11109,3394,1193
11110,3405,1577
11111,3413,2085
11112,3419,2754
11113,3423,3638
11114,3427,4802
11115,3429,6335
11116,3431,8348
11117,3433,10986
11118,3434,14433
11119,3435,18921
11120,3435,24733
11121,3436,32210
11122,3436,41750
11123,3436,53790
11124,3436,68781
11125,3436,87134
11126,3437,109144
11127,3437,134899
11128,3437,164177
11129,3437,196392
11130,3437,230588
11131,3437,265530
11132,3437,299874
11133,3437,332363
11134,3437,362004
11135,3437,388168
11136,3437,410597
11137,3437,429345
11138,7242,104
11139,7749,127
11140,8133,150
11141,8413,174
11142,8613,196
11143,8753,217
11144,8850,234
11145,8916,249
11146,8962,261
11147,8993,270
11148,9013,277
11149,9028,283
11150,9037,287
11151,9043,290
11152,9048,293
11153,9051,294
11154,9053,295
11155,9054,296
11156,9055,297
11157,9055,297
11158,9056,298
11159,9056,298
11160,9056,298
11161,9056,298
11162,9057,298
11163,9057,299
11164,9057,299
11165,9057,299
11166,9057,299
11167,9057,299
11168,9057,299
11169,9057,299
11170,9057,299
11171,9057,299
11172,9057,299
11173,9057,299
11174,9057,299
11175,9057,299
11176,9057,299
11177,9057,299
11178,9057,299
11179,9057,299
11180,9057,299
11181,8484,328
11182,9316,414
11183,10029,510
11184,10618,610
11185,11089,708
11186,11457,800
11187,11739,881
11188,11953,949
11189,12112,1005
11190,12231,1048
11191,12318,1081
11192,12382,1106
11193,12428,1124
11194,12462,1138
11195,12487,1147
11196,12505,1154
11197,12518,1159
11198,12528,1163
11199,12535,1165
11200,12540,1167
11201,12543,1169
11202,12546,1170
11203,12548,1170
11204,12549,1171
11205,12550,1171
11206,12551,1171
11207,12551,1171
11208,12552,1171
11209,12552,1172
11210,12552,1172
11211,12552,1172
11212,12552,1172
11213,12552,1172
11214,12552,1172
11215,12553,1172
11216,12553,1172
11217,12553,1172
11218,12553,1172
11219,12553,1172
11220,12553,1172
11221,12553,1172
11222,12553,1172
11223,12553,1172
11224,672,13
11225,717,14
11226,757,15
11227,792,15
11228,822,15
11229,847,15
11230,868,15
11231,885,15
11232,899,15
11233,910,15
11234,919,15
11235,927,15
11236,932,15
11237,937,15
11238,941,15
11239,944,15
11240,946,15
11241,948,15
11242,949,15
11243,951,15
11244,951,15
11245,952,15
11246,953,15
11247,953,15
11248,954,15
11249,954,15
11250,954,15
11251,954,15
11252,954,15
11253,954,15
11254,955,15
11255,955,15
11256,955,15
11257,955,15
11258,955,15
11259,955,15
11260,955,15
11261,955,15
11262,955,15
11263,955,15
11264,955,15
11265,955,15
11266,955,15
11267,979,20
11268,1024,21
11269,1058,21
11270,1084,22
11271,1104,22
11272,1118,22
11273,1128,22
11274,1136,22
11275,1141,22
11276,1145,22
11277,1147,22
11278,1149,22
11279,1151,22
11280,1152,22
11281,1152,22
11282,1153,22
11283,1153,22
11284,1153,22
11285,1154,22
11286,1154,22
11287,1154,22
11288,1154,22
11289,1154,22
11290,1154,22
11291,1154,22
11292,1154,22
11293,1154,22
11294,1154,22
11295,1154,22
11296,1154,22
11297,1154,22
11298,1154,22
11299,1154,22
11300,1154,22
11301,1154,22
11302,1154,22
11303,1154,22
11304,1154,22
11305,1154,22
11306,1154,22
11307,1154,22
11308,1154,22
11309,1154,22
11310,1410,15
11311,1510,15
11312,1585,15
11313,1640,16
11314,1680,16
11315,1708,16
11316,1728,16
11317,1741,16
11318,1750,16
11319,1756,16
11320,1761,16
11321,1764,16
11322,1766,16
11323,1767,16
11324,1768,16
11325,1768,16
11326,1769,16
11327,1769,16
11328,1769,16
11329,1769,16
11330,1769,16
11331,1770,16
11332,1770,16
11333,1770,16
11334,1770,16
11335,1770,16
11336,1770,16
11337,1770,16
11338,1770,16
11339,1770,16
11340,1770,16
11341,1770,16
11342,1770,16
11343,1770,16
11344,1770,16
11345,1770,16
11346,1770,16
11347,1770,16
11348,1770,16
11349,1770,16
11350,1770,16
11351,1770,16
11352,1770,16
11353,215,5
11354,230,5
11355,243,5
11356,253,5
11357,261,5
11358,267,5
11359,271,5
11360,275,5
11361,277,5
11362,279,5
11363,280,5
11364,281,5
11365,282,5
11366,282,5
11367,283,5
11368,283,5
11369,283,5
11370,283,5
11371,283,5
11372,283,5
11373,283,5
11374,283,5
11375,283,5
11376,284,5
11377,284,5
11378,284,5
11379,284,5
11380,284,5
11381,284,5
11382,284,5
11383,284,5
11384,284,5
11385,284,5
11386,284,5
11387,284,5
11388,284,5
11389,284,5
11390,284,5
11391,284,5
11392,284,5
11393,284,5
11394,284,5
11395,284,5
11396,190,2
11397,220,2
11398,256,2
11399,297,2
11400,345,2
11401,401,2
11402,466,2
11403,541,2
11404,628,2
11405,729,2
11406,846,2
11407,983,2
11408,1141,2
11409,1325,2
11410,1538,2
11411,1785,2
11412,2072,2
11413,2405,2
11414,2791,2
11415,3239,2
11416,3758,2
11417,4359,2
11418,5056,2
11419,5863,2
11420,6796,2
11421,7876,2
11422,9124,2
11423,10565,2
11424,12229,2
11425,14147,2
11426,16356,2
11427,18897,2
11428,21814,2
11429,25158,2
11430,28984,2
11431,33350,2
11432,38321,2
11433,43963,2
11434,50345,2
11435,57536,2
11436,65605,2
11437,74615,2
11438,84621,2
11439,1331,30
11440,1508,38
11441,1679,49
11442,1840,62
11443,1985,79
11444,2114,101
11445,2224,129
11446,2317,164
11447,2393,208
11448,2455,265
11449,2505,338
11450,2545,430
11451,2576,547
11452,2600,696
11453,2620,885
11454,2634,1126
11455,2646,1433
11456,2655,1823
11457,2662,2318
11458,2667,2947
11459,2671,3745
11460,2674,4757
11461,2677,6039
11462,2678,7662
11463,2680,9712
11464,2681,12297
11465,2682,15547
11466,2682,19621
11467,2683,24708
11468,2683,31026
11469,2684,38827
11470,2684,48383
11471,2684,59981
11472,2684,73896
11473,2684,90365
11474,2684,109544
11475,2684,131463
11476,2684,155982
11477,2684,182760
11478,2684,211251
11479,2684,240732
11480,2684,270374
11481,2684,299329
11482,428,4
11483,518,4
11484,626,4
11485,757,4
11486,916,5
11487,1108,5
11488,1341,5
11489,1621,5
11490,1961,5
11491,2371,5
11492,2866,5
11493,3464,5
11494,4185,5
11495,5055,5
11496,6104,5
11497,7368,5
11498,8888,5
11499,10715,5
11500,12908,5
11501,15536,5
11502,18678,5
11503,22425,5
11504,26883,5
11505,32167,5
11506,38406,5
11507,45736,5
11508,54301,5
11509,64242,5
11510,75695,5
11511,88774,5
11512,103560,5
11513,120090,5
11514,138339,5
11515,158205,5
11516,179508,5
11517,201985,5
11518,225297,5
11519,249052,5
11520,272823,5
11521,296186,5
11522,318742,5
11523,340150,5
11524,360138,5
11525,21028,310
11526,22895,363
11527,24391,414
11528,25544,462
11529,26406,504
11530,27036,540
11531,27490,570
11532,27812,594
11533,28039,613
11534,28198,628
11535,28309,639
11536,28386,647
11537,28439,654
11538,28476,658
11539,28502,662
11540,28520,664
11541,28532,666
11542,28540,667
11543,28546,668
11544,28550,669
11545,28553,670
11546,28555,670
11547,28556,670
11548,28557,670
11549,28558,671
11550,28558,671
11551,28559,671
11552,28559,671
11553,28559,671
11554,28559,671
11555,28559,671
11556,28559,671
11557,28559,671
11558,28559,671
11559,28559,671
11560,28559,671
11561,28559,671
11562,28559,671
11563,28559,671
11564,28559,671
11565,28559,671
11566,28559,671
11567,28559,671
11568,354,5
11569,406,8
11570,461,11
11571,516,16
11572,572,23
11573,627,33
11574,680,47
11575,730,67
11576,775,97
11577,817,139
11578,853,199
11579,886,286
11580,913,410
11581,937,589
11582,957,845
11583,974,1211
11584,988,1734
11585,1000,2481
11586,1009,3544
11587,1017,5050
11588,1024,7171
11589,1029,10137
11590,1033,14235
11591,1037,19813
11592,1039,27245
11593,1042,36877
11594,1044,48918
11595,1045,63312
11596,1046,79624
11597,1047,97029
11598,1048,114449
11599,1049,130798
11600,1049,145244
11601,1050,157343
11602,1050,167031
11603,1050,174513
11604,1051,180130
11605,1051,184260
11606,1051,187249
11607,1051,189388
11608,1051,190906
11609,1051,191978
11610,1051,192731
11611,79237,1884
11612,83591,2224
11613,87073,2548
11614,89795,2837
11615,91886,3082
11616,93471,3282
11617,94659,3437
11618,95543,3555
11619,96196,3643
11620,96678,3708
11621,97031,3754
11622,97290,3788
11623,97480,3811
11624,97618,3828
11625,97719,3840
11626,97792,3848
11627,97846,3854
11628,97885,3858
11629,97914,3861
11630,97934,3863
11631,97949,3865
11632,97960,3866
11633,97968,3866
11634,97974,3867
11635,97978,3867
11636,97981,3868
11637,97984,3868
11638,97985,3868
11639,97987,3868
11640,97987,3868
11641,97988,3868
11642,97989,3868
11643,97989,3868
11644,97989,3868
11645,97989,3868
11646,97989,3868
11647,97989,3868
11648,97990,3868
11649,97990,3868
11650,97990,3868
11651,97990,3868
11652,97990,3868
11653,97990,3868
11654,1632,14
11655,1747,16
11656,1843,19
11657,1923,21
11658,1986,22
11659,2036,23
11660,2076,24
11661,2106,25
11662,2129,25
11663,2146,25
11664,2160,26
11665,2170,26
11666,2177,26
11667,2183,26
11668,2187,26
11669,2190,26
11670,2192,26
11671,2194,26
11672,2196,26
11673,2196,26
11674,2197,26
11675,2198,26
11676,2198,26
11677,2198,26
11678,2199,26
11679,2199,26
11680,2199,26
11681,2199,26
11682,2199,26
11683,2199,26
11684,2199,26
11685,2199,26
11686,2199,26
11687,2199,26
11688,2199,26
11689,2199,26
11690,2199,26
11691,2199,26
11692,2199,26
11693,2199,26
11694,2199,26
11695,2199,26
11696,2199,26
11697,135,4
11698,146,6
11699,156,7
11700,164,9
11701,171,10
11702,177,11
11703,181,12
11704,185,12
11705,188,12
11706,190,12
11707,192,12
11708,193,13
11709,194,13
11710,195,13
11711,195,13
11712,196,13
11713,196,13
11714,196,13
11715,197,13
11716,197,13
11717,197,13
11718,197,13
11719,197,13
11720,197,13
11721,197,13
11722,197,13
11723,197,13
11724,197,13
11725,197,13
11726,197,13
11727,197,13
11728,197,13
11729,197,13
11730,197,13
11731,197,13
11732,197,13
11733,197,13
11734,197,13
11735,197,13
11736,197,13
11737,197,13
11738,197,13
11739,197,13
11740,2451,70
11741,2674,90
11742,2866,115
11743,3025,145
11744,3153,180
11745,3254,220
11746,3333,262
11747,3393,307
11748,3438,352
11749,3472,396
11750,3498,436
11751,3517,472
11752,3531,503
11753,3541,528
11754,3549,549
11755,3554,566
11756,3559,580
11757,3562,590
11758,3564,598
11759,3565,604
11760,3567,609
11761,3568,612
11762,3568,615
11763,3569,617
11764,3569,618
11765,3569,619
11766,3569,620
11767,3570,621
11768,3570,621
11769,3570,622
11770,3570,622
11771,3570,622
11772,3570,622
11773,3570,622
11774,3570,623
11775,3570,623
11776,3570,623
11777,3570,623
11778,3570,623
11779,3570,623
11780,3570,623
11781,3570,623
11782,3570,623
11783,600,24
11784,634,26
11785,659,28
11786,678,29
11787,691,29
11788,700,30
11789,706,30
11790,711,30
11791,714,31
11792,716,31
11793,717,31
11794,718,31
11795,719,31
11796,719,31
11797,719,31
11798,720,31
11799,720,31
11800,720,31
11801,720,31
11802,720,31
11803,720,31
11804,720,31
11805,720,31
11806,720,31
11807,720,31
11808,720,31
11809,720,31
11810,720,31
11811,720,31
11812,720,31
11813,720,31
11814,720,31
11815,720,31
11816,720,31
11817,720,31
11818,720,31
11819,720,31
11820,720,31
11821,720,31
11822,720,31
11823,720,31
11824,720,31
11825,720,31
11826,774,18
11827,851,18
11828,924,19
11829,992,19
11830,1054,20
11831,1108,20
11832,1155,20
11833,1196,20
11834,1230,21
11835,1259,21
11836,1283,21
11837,1302,21
11838,1318,21
11839,1331,21
11840,1341,21
11841,1350,21
11842,1357,21
11843,1362,21
11844,1366,21
11845,1370,21
11846,1372,21
11847,1375,21
11848,1376,21
11849,1378,21
11850,1379,21
11851,1380,21
11852,1380,21
11853,1381,21
11854,1381,21
11855,1382,21
11856,1382,21
11857,1382,21
11858,1382,21
11859,1383,21
11860,1383,21
11861,1383,21
11862,1383,21
11863,1383,21
11864,1383,21
11865,1383,21
11866,1383,21
11867,1383,21
11868,1383,21
11869,5591,72
11870,6201,80
11871,6725,87
11872,7159,93
11873,7505,97
11874,7774,100
11875,7979,102
11876,8132,103
11877,8245,105
11878,8328,105
11879,8389,106
11880,8433,106
11881,8464,106
11882,8487,106
11883,8504,107
11884,8515,107
11885,8524,107
11886,8530,107
11887,8534,107
11888,8537,107
11889,8540,107
11890,8541,107
11891,8542,107
11892,8543,107
11893,8544,107
11894,8544,107
11895,8544,107
11896,8545,107
11897,8545,107
11898,8545,107
11899,8545,107
11900,8545,107
11901,8545,107
11902,8545,107
11903,8545,107
11904,8545,107
11905,8545,107
11906,8545,107
11907,8545,107
11908,8545,107
11909,8545,107
11910,8545,107
11911,8545,107
11912,303,10
11913,396,12
11914,518,16
11915,676,20
11916,883,26
11917,1154,34
11918,1507,43
11919,1968,56
11920,2568,72
11921,3351,93
11922,4370,119
11923,5696,153
11924,7419,197
11925,9651,254
11926,12539,327
11927,16261,421
11928,21042,541
11929,27148,696
11930,34898,896
11931,44651,1152
11932,56797,1481
11933,71726,1905
11934,89785,2448
11935,111210,3146
11936,136051,4041
11937,164100,5187
11938,194835,6654
11939,227430,8528
11940,260816,10918
11941,293821,13956
11942,325322,17807
11943,354395,22668
11944,380408,28769
11945,403044,36378
11946,422272,45789
11947,438271,57309
11948,451356,71234
11949,461908,87816
11950,470322,107207
11951,476970,129413
11952,482185,154237
11953,486253,181253
11954,489413,209811
11955,592,13
11956,729,19
11957,898,26
11958,1106,32
11959,1362,36
11960,1677,39
11961,2064,40
11962,2541,41
11963,3126,42
11964,3846,42
11965,4730,42
11966,5814,42
11967,7144,42
11968,8772,42
11969,10763,42
11970,13194,42
11971,16155,42
11972,19755,42
11973,24117,42
11974,29383,42
11975,35712,42
11976,43279,42
11977,52270,42
11978,62870,42
11979,75260,42
11980,89590,42
11981,105969,42
11982,124433,42
11983,144932,42
11984,167303,42
11985,191268,42
11986,216432,42
11987,242308,42
11988,268350,42
11989,293998,42
11990,318725,42
11991,342077,42
11992,363708,42
11993,383386,42
11994,400997,42
11995,416526,42
11996,430045,42
11997,441681,42
11998,1211,23
11999,1355,25
12000,1495,26
12001,1626,27
12002,1747,27
12003,1855,28
12004,1950,28
12005,2031,28
12006,2100,29
12007,2157,29
12008,2204,29
12009,2243,29
12010,2274,29
12011,2299,29
12012,2320,29
12013,2336,29
12014,2348,29
12015,2358,29
12016,2366,29
12017,2373,29
12018,2378,29
12019,2382,29
12020,2385,29
12021,2387,29
12022,2389,29
12023,2391,29
12024,2392,29
12025,2393,29
12026,2393,29
12027,2394,29
12028,2394,29
12029,2395,29
12030,2395,29
12031,2395,29
12032,2396,29
12033,2396,29
12034,2396,29
12035,2396,29
12036,2396,29
12037,2396,29
12038,2396,29
12039,2396,29
12040,2396,29
12041,131,1
12042,150,1
12043,169,1
12044,189,1
12045,210,1
12046,230,1
12047,249,1
12048,267,1
12049,284,1
12050,299,1
12051,312,1
12052,324,1
12053,334,1
12054,343,1
12055,350,1
12056,357,1
12057,362,1
12058,366,1
12059,370,1
12060,373,1
12061,375,1
12062,377,1
12063,379,1
12064,380,1
12065,381,1
12066,382,1
12067,383,1
12068,383,1
12069,384,1
12070,384,1
12071,385,1
12072,385,1
12073,385,1
12074,385,1
12075,385,1
12076,385,1
12077,386,1
12078,386,1
12079,386,1
12080,386,1
12081,386,1
12082,386,1
12083,386,1
12084,2486,32
12085,2682,48
12086,2851,70
12087,2995,104
12088,3113,153
12089,3210,225
12090,3286,332
12091,3347,490
12092,3394,722
12093,3431,1064
12094,3459,1567
12095,3481,2308
12096,3498,3397
12097,3511,4994
12098,3520,7331
12099,3528,10738
12100,3533,15677
12101,3537,22783
12102,3541,32890
12103,3543,47040
12104,3545,66411
12105,3546,92138
12106,3547,124958
12107,3548,164746
12108,3549,210106
12109,3549,258332
12110,3550,305945
12111,3550,349637
12112,3550,387122
12113,3550,417467
12114,3550,440900
12115,3550,458344
12116,3551,470978
12117,3551,479948
12118,3551,486226
12119,3551,490578
12120,3551,493573
12121,3551,495624
12122,3551,497025
12123,3551,497979
12124,3551,498628
12125,3551,499069
12126,3551,499368
12127,4206,62
12128,4637,70
12129,5026,78
12130,5366,85
12131,5654,92
12132,5894,97
12133,6088,102
12134,6243,106
12135,6366,109
12136,6462,111
12137,6536,113
12138,6593,114
12139,6637,115
12140,6671,116
12141,6696,117
12142,6716,117
12143,6730,118
12144,6741,118
12145,6750,118
12146,6756,119
12147,6761,119
12148,6765,119
12149,6767,119
12150,6769,119
12151,6771,119
12152,6772,119
12153,6773,119
12154,6774,119
12155,6774,119
12156,6775,119
12157,6775,119
12158,6775,119
12159,6775,119
12160,6775,119
12161,6776,119
12162,6776,119
12163,6776,119
12164,6776,119
12165,6776,119
12166,6776,119
12167,6776,119
12168,6776,119
12169,6776,119
12170,983,7
12171,1064,10
12172,1134,14
12173,1194,20
12174,1244,28
12175,1285,39
12176,1317,55
12177,1343,77
12178,1363,109
12179,1378,154
12180,1390,217
12181,1400,306
12182,1407,432
12183,1412,609
12184,1416,859
12185,1419,1210
12186,1422,1704
12187,1423,2399
12188,1425,3372
12189,1426,4734
12190,1427,6632
12191,1427,9264
12192,1428,12891
12193,1428,17840
12194,1428,24509
12195,1428,33343
12196,1429,44783
12197,1429,59172
12198,1429,76620
12199,1429,96861
12200,1429,119175
12201,1429,142430
12202,1429,165289
12203,1429,186503
12204,1429,205164
12205,1429,220825
12206,1429,233454
12207,1429,243317
12208,1429,250827
12209,1429,256437
12210,1429,260567
12211,1429,263576
12212,1429,265750
12213,300,13
12214,313,13
12215,322,13
12216,329,13
12217,334,13
12218,337,13
12219,340,13
12220,341,13
12221,343,13
12222,344,13
12223,344,13
12224,345,13
12225,345,13
12226,345,13
12227,345,13
12228,345,13
12229,346,13
12230,346,13
12231,346,13
12232,346,13
12233,346,13
12234,346,13
12235,346,13
12236,346,13
12237,346,13
12238,346,13
12239,346,13
12240,346,13
12241,346,13
12242,346,13
12243,346,13
12244,346,13
12245,346,13
12246,346,13
12247,346,13
12248,346,13
12249,346,13
12250,346,13
12251,346,13
12252,346,13
12253,346,13
12254,346,13
12255,346,13
12256,30,0
12257,30,0
12258,31,0
12259,31,0
12260,31,0
12261,31,0
12262,31,0
12263,31,0
12264,31,0
12265,31,0
12266,31,0
12267,31,0
12268,31,0
12269,31,0
12270,31,0
12271,31,0
12272,31,0
12273,31,0
12274,31,0
12275,31,0
12276,31,0
12277,31,0
12278,31,0
12279,31,0
12280,31,0
12281,31,0
12282,31,0
12283,31,0
12284,31,0
12285,31,0
12286,31,0
12287,31,0
12288,31,0
12289,31,0
12290,31,0
12291,31,0
12292,31,0
12293,31,0
12294,31,0
12295,31,0
12296,31,0
12297,31,0
12298,31,0
12299,1444,30
12300,1660,36
12301,1880,43
12302,2099,52
12303,2311,63
12304,2509,76
12305,2690,92
12306,2852,111
12307,2993,134
12308,3114,161
12309,3216,194
12310,3301,234
12311,3371,281
12312,3428,337
12313,3474,405
12314,3512,484
12315,3541,579
12316,3565,691
12317,3584,821
12318,3599,974
12319,3610,1151
12320,3620,1355
12321,3627,1587
12322,3633,1850
12323,3637,2142
12324,3641,2465
12325,3644,2817
12326,3646,3193
12327,3648,3590
12328,3649,4001
12329,3650,4420
12330,3651,4839
12331,3652,5251
12332,3652,5649
12333,3652,6026
12334,3653,6379
12335,3653,6703
12336,3653,6998
12337,3653,7262
12338,3654,7496
12339,3654,7701
12340,3654,7879
12341,3654,8033
12342,5842,234
12343,6307,246
12344,6761,256
12345,7200,266
12346,7617,275
12347,8010,283
12348,8374,291
12349,8710,297
12350,9015,303
12351,9289,307
12352,9535,312
12353,9753,315
12354,9946,319
12355,10114,321
12356,10261,324
12357,10389,326
12358,10499,327
12359,10594,329
12360,10676,330
12361,10746,331
12362,10806,332
12363,10857,333
12364,10901,333
12365,10938,334
12366,10969,334
12367,10996,335
12368,11019,335
12369,11038,335
12370,11055,336
12371,11069,336
12372,11080,336
12373,11090,336
12374,11099,336
12375,11106,336
12376,11112,336
12377,11117,337
12378,11121,337
12379,11125,337
12380,11128,337
12381,11131,337
12382,11133,337
12383,11135,337
12384,11137,337
12385,179,1
12386,193,1
12387,202,1
12388,209,1
12389,214,1
12390,217,1
12391,219,1
12392,220,1
12393,221,1
12394,222,1
12395,222,1
12396,222,1
12397,223,1
12398,223,1
12399,223,1
12400,223,1
12401,223,1
12402,223,1
12403,223,1
12404,223,1
12405,223,1
12406,223,1
12407,223,1
12408,223,1
12409,223,1
12410,223,1
12411,223,1
12412,223,1
12413,223,1
12414,223,1
12415,223,1
12416,223,1
12417,223,1
12418,223,1
12419,223,1
12420,223,1
12421,223,1
12422,223,1
12423,223,1
12424,223,1
12425,223,1
12426,223,1
12427,223,1
12428,1475,26
12429,1551,28
12430,1612,30
12431,1661,31
12432,1699,32
12433,1728,32
12434,1751,33
12435,1768,33
12436,1781,33
12437,1791,33
12438,1798,34
12439,1804,34
12440,1808,34
12441,1811,34
12442,1813,34
12443,1815,34
12444,1816,34
12445,1817,34
12446,1818,34
12447,1819,34
12448,1819,34
12449,1819,34
12450,1819,34
12451,1820,34
12452,1820,34
12453,1820,34
12454,1820,34
12455,1820,34
12456,1820,34
12457,1820,34
12458,1820,34
12459,1820,34
12460,1820,34
12461,1820,34
12462,1820,34
12463,1820,34
12464,1820,34
12465,1820,34
12466,1820,34
12467,1820,34
12468,1820,34
12469,1820,34
12470,1820,34
12471,119,0
12472,128,0
12473,136,0
12474,144,0
12475,150,0
12476,155,0
12477,159,0
12478,163,0
12479,165,0
12480,168,0
12481,169,0
12482,171,0
12483,172,0
12484,173,0
12485,173,0
12486,174,0
12487,174,0
12488,175,0
12489,175,0
12490,175,0
12491,175,0
12492,175,0
12493,176,0
12494,176,0
12495,176,0
12496,176,0
12497,176,0
12498,176,0
12499,176,0
12500,176,0
12501,176,0
12502,176,0
12503,176,0
12504,176,0
12505,176,0
12506,176,0
12507,176,0
12508,176,0
12509,176,0
12510,176,0
12511,176,0
12512,176,0
12513,176,0
12514,43,0
12515,45,0
12516,46,0
12517,47,0
12518,48,0
12519,48,0
12520,48,0
12521,48,0
12522,48,0
12523,48,0
12524,48,0
12525,48,0
12526,48,0
12527,48,0
12528,48,0
12529,48,0
12530,48,0
12531,48,0
12532,48,0
12533,48,0
12534,48,0
12535,48,0
12536,48,0
12537,48,0
12538,48,0
12539,48,0
12540,48,0
12541,48,0
12542,48,0
12543,48,0
12544,48,0
12545,48,0
12546,48,0
12547,48,0
12548,48,0
12549,48,0
12550,48,0
12551,48,0
12552,48,0
12553,48,0
12554,48,0
12555,48,0
12556,48,0
12557,722,20
12558,786,24
12559,836,30
12560,873,37
12561,900,45
12562,920,56
12563,933,68
12564,942,84
12565,949,104
12566,953,128
12567,956,157
12568,958,193
12569,959,238
12570,960,292
12571,961,360
12572,961,443
12573,961,545
12574,962,670
12575,962,825
12576,962,1014
12577,962,1248
12578,962,1535
12579,962,1888
12580,962,2321
12581,962,2854
12582,962,3508
12583,962,4310
12584,962,5294
12585,962,6499
12586,962,7975
12587,962,9779
12588,962,11981
12589,962,14664
12590,962,17927
12591,962,21882
12592,962,26661
12593,962,32414
12594,962,39304
12595,962,47511
12596,962,57219
12597,962,68609
12598,962,81847
12599,962,97066
12600,793,6
12601,910,8
12602,1045,9
12603,1200,11
12604,1377,13
12605,1582,16
12606,1816,19
12607,2086,23
12608,2395,27
12609,2750,32
12610,3158,39
12611,3625,46
12612,4162,55
12613,4778,66
12614,5483,79
12615,6292,95
12616,7219,113
12617,8280,135
12618,9494,162
12619,10882,193
12620,12468,231
12621,14278,276
12622,16343,330
12623,18696,395
12624,21372,472
12625,24412,564
12626,27859,674
12627,31761,806
12628,36167,963
12629,41131,1150
12630,46709,1374
12631,52955,1640
12632,59926,1958
12633,67676,2337
12634,76255,2787
12635,85706,3323
12636,96063,3960
12637,107347,4715
12638,119565,5611
12639,132703,6669
12640,146728,7918
12641,161583,9389
12642,177188,11116
12643,2,0
12644,2,0
12645,2,0
12646,2,0
12647,2,0
12648,2,0
12649,2,0
12650,2,0
12651,2,0
12652,2,0
12653,2,0
12654,2,0
12655,2,0
12656,2,0
12657,2,0
12658,2,0
12659,2,0
12660,2,0
12661,2,0
12662,2,0
12663,2,0
12664,2,0
12665,2,0
12666,2,0
12667,2,0
12668,2,0
12669,2,0
12670,2,0
12671,2,0
12672,2,0
12673,2,0
12674,2,0
12675,2,0
12676,2,0
12677,2,0
12678,2,0
12679,2,0
12680,2,0
12681,2,0
12682,2,0
12683,2,0
12684,2,0
12685,2,0
12686,35,0
12687,39,0
12688,42,0
12689,45,0
12690,47,0
12691,48,0
12692,50,0
12693,51,0
12694,51,0
12695,52,0
12696,52,0
12697,52,0
12698,53,0
12699,53,0
12700,53,0
12701,53,0
12702,53,0
12703,53,0
12704,53,0
12705,53,0
12706,53,0
12707,53,0
12708,53,0
12709,53,0
12710,53,0
12711,53,0
12712,53,0
12713,53,0
12714,53,0
12715,53,0
12716,53,0
12717,53,0
12718,53,0
12719,53,0
12720,53,0
12721,53,0
12722,53,0
12723,53,0
12724,53,0
12725,53,0
12726,53,0
12727,53,0
12728,53,0
12729,2,0
12730,2,0
12731,2,0
12732,2,0
12733,2,0
12734,2,0
12735,2,0
12736,2,0
12737,2,0
12738,2,0
12739,2,0
12740,2,0
12741,2,0
12742,2,0
12743,2,0
12744,2,0
12745,2,0
12746,2,0
12747,2,0
12748,2,0
12749,2,0
12750,2,0
12751,2,0
12752,2,0
12753,2,0
12754,2,0
12755,2,0
12756,2,0
12757,2,0
12758,2,0
12759,2,0
12760,2,0
12761,2,0
12762,2,0
12763,2,0
12764,2,0
12765,2,0
12766,2,0
12767,2,0
12768,2,0
12769,2,0
12770,2,0
12771,2,0
12772,14,1
12773,15,1
12774,16,1
12775,16,1
12776,17,1
12777,18,1
12778,18,1
12779,19,1
12780,19,1
12781,20,1
12782,20,1
12783,20,1
12784,20,1
12785,21,1
12786,21,1
12787,21,1
12788,21,1
12789,21,1
12790,21,1
12791,21,1
12792,21,1
12793,21,1
12794,21,1
12795,21,1
12796,21,1
12797,21,1
12798,21,1
12799,21,1
12800,21,1
12801,21,1
12802,21,1
12803,21,1
12804,21,1
12805,21,1
12806,21,1
12807,21,1
12808,21,1
12809,21,1
12810,21,1
12811,21,1
12812,21,1
12813,21,1
12814,21,1
12815,162,3
12816,175,4
12817,187,4
12818,197,4
12819,205,4
12820,212,4
12821,217,4
12822,221,4
12823,225,4
12824,227,4
12825,229,4
12826,231,4
12827,232,4
12828,233,4
12829,233,4
12830,234,4
12831,234,4
12832,234,4
12833,235,4
12834,235,4
12835,235,4
12836,235,4
12837,235,4
12838,235,4
12839,235,4
12840,235,4
12841,235,4
12842,235,4
12843,235,4
12844,235,4
12845,235,4
12846,235,4
12847,235,4
12848,235,4
12849,235,4
12850,235,4
12851,235,4
12852,235,4
12853,235,4
12854,235,4
12855,235,4
12856,235,4
12857,235,4
12858,0,0
12859,0,0
12860,0,0
12861,0,0
12862,0,0
12863,0,0
12864,0,0
12865,0,0
12866,0,0
12867,0,0
12868,0,0
12869,0,0
12870,0,0
12871,0,0
12872,0,0
12873,0,0
12874,0,0
12875,0,0
12876,0,0
12877,0,0
12878,0,0
12879,0,0
12880,0,0
12881,0,0
12882,0,0
12883,0,0
12884,0,0
12885,0,0
12886,0,0
12887,0,0
12888,0,0
12889,0,0
12890,0,0
12891,0,0
12892,0,0
12893,0,0
12894,0,0
12895,0,0
12896,0,0
12897,0,0
12898,0,0
12899,0,0
12900,0,0
12901,77,0
12902,79,0
12903,81,0
12904,82,0
12905,83,0
12906,83,0
12907,84,0
12908,84,0
12909,84,0
12910,84,0
12911,84,0
12912,84,0
12913,85,0
12914,85,0
12915,85,0
12916,85,0
12917,85,0
12918,85,0
12919,85,0
12920,85,0
12921,85,0
12922,85,0
12923,85,0
12924,85,0
12925,85,0
12926,85,0
12927,85,0
12928,85,0
12929,85,0
12930,85,0
12931,85,0
12932,85,0
12933,85,0
12934,85,0
12935,85,0
12936,85,0
12937,85,0
12938,85,0
12939,85,0
12940,85,0
12941,85,0
12942,85,0
12943,85,0
12944,62,0
12945,67,0
12946,71,0
12947,74,0
12948,77,0
12949,78,0
12950,80,0
12951,81,0
12952,82,0
12953,82,0
12954,82,0
12955,83,0
12956,83,0
12957,83,0
12958,83,0
12959,83,0
12960,83,0
12961,83,0
12962,83,0
12963,83,0
12964,83,0
12965,83,0
12966,83,0
12967,83,0
12968,83,0
12969,83,0
12970,83,0
12971,83,0
12972,83,0
12973,83,0
12974,83,0
12975,83,0
12976,83,0
12977,83,0
12978,83,0
12979,83,0
12980,83,0
12981,83,0
12982,83,0
12983,83,0
12984,83,0
12985,83,0
12986,83,0
12987,5,0
12988,5,0
12989,5,0
12990,5,0
12991,5,0
12992,5,0
12993,5,0
12994,5,0
12995,5,0
12996,5,0
12997,5,0
12998,5,0
12999,5,0
13000,5,0
13001,5,0
13002,5,0
13003,5,0
13004,5,0
13005,5,0
13006,5,0
13007,5,0
13008,5,0
13009,5,0
13010,5,0
13011,5,0
13012,5,0
13013,5,0
13014,5,0
13015,5,0
13016,5,0
13017,5,0
13018,5,0
13019,5,0
13020,5,0
13021,5,0
13022,5,0
13023,5,0
13024,5,0
13025,5,0
13026,5,0
13027,5,0
13028,5,0
13029,5,0
13030,5,0
13031,5,0
13032,5,0
13033,5,0
13034,5,0
13035,5,0
13036,5,0
13037,5,0
13038,5,0
13039,5,0
13040,5,0
13041,5,0
13042,5,0
13043,5,0
13044,5,0
13045,5,0
13046,5,0
13047,5,0
13048,5,0
13049,5,0
13050,5,0
13051,5,0
13052,5,0
13053,5,0
13054,5,0
13055,5,0
13056,5,0
13057,5,0
13058,5,0
13059,5,0
13060,5,0
13061,5,0
13062,5,0
13063,5,0
13064,5,0
13065,5,0
13066,5,0
13067,5,0
13068,5,0
13069,5,0
13070,5,0
13071,5,0
13072,5,0
13073,28219,2127
13074,31161,2524
13075,33983,2957
13076,36624,3418
13077,39041,3894
13078,41207,4372
13079,43111,4839
13080,44758,5282
13081,46163,5690
13082,47347,6059
13083,48334,6383
13084,49150,6663
13085,49820,6901
13086,50367,7099
13087,50811,7264
13088,51170,7398
13089,51460,7507
13090,51693,7595
13091,51880,7666
13092,52030,7722
13093,52151,7767
13094,52247,7802
13095,52323,7831
13096,52385,7853
13097,52434,7870
13098,52473,7884
13099,52504,7895
13100,52529,7904
13101,52548,7910
13102,52564,7916
13103,52577,7920
13104,52587,7923
13105,52595,7926
13106,52601,7928
13107,52606,7929
13108,52610,7931
13109,52613,7932
13110,52616,7932
13111,52618,7933
13112,52620,7933
13113,52621,7934
13114,52622,7934
13115,52623,7934
13116,337,1
13117,345,1
13118,352,1
13119,357,1
13120,361,1
13121,364,1
13122,367,1
13123,368,1
13124,370,1
13125,371,1
13126,371,1
13127,372,1
13128,372,1
13129,373,1
13130,373,1
13131,373,1
13132,373,1
13133,373,1
13134,374,1
13135,374,1
13136,374,1
13137,374,1
13138,374,1
13139,374,1
13140,374,1
13141,374,1
13142,374,1
13143,374,1
13144,374,1
13145,374,1
13146,374,1
13147,374,1
13148,374,1
13149,374,1
13150,374,1
13151,374,1
13152,374,1
13153,374,1
13154,374,1
13155,374,1
13156,374,1
13157,374,1
13158,374,1
13159,197,2
13160,221,2
13161,244,2
13162,268,2
13163,290,2
13164,310,2
13165,329,2
13166,345,2
13167,360,2
13168,372,2
13169,383,2
13170,392,2
13171,400,2
13172,406,2
13173,411,2
13174,415,2
13175,419,2
13176,422,2
13177,424,2
13178,426,2
13179,427,2
13180,429,2
13181,430,2
13182,430,2
13183,431,2
13184,431,2
13185,432,2
13186,432,2
13187,432,2
13188,433,2
13189,433,2
13190,433,2
13191,433,2
13192,433,2
13193,433,2
13194,433,2
13195,433,2
13196,433,2
13197,433,2
13198,433,2
13199,433,2
13200,433,2
13201,433,2
13202,133,3
13203,135,3
13204,136,3
13205,137,3
13206,138,3
13207,138,3
13208,139,3
13209,139,3
13210,139,3
13211,139,3
13212,140,3
13213,140,3
13214,140,3
13215,140,3
13216,140,3
13217,140,3
13218,140,3
13219,140,3
13220,140,3
13221,140,3
13222,140,3
13223,140,3
13224,140,3
13225,140,3
13226,140,3
13227,140,3
13228,140,3
13229,140,3
13230,140,3
13231,140,3
13232,140,3
13233,140,3
13234,140,3
13235,140,3
13236,140,3
13237,140,3
13238,140,3
13239,140,3
13240,140,3
13241,140,3
13242,140,3
13243,140,3
13244,140,3
13245,223,0
13246,234,0
13247,245,0
13248,255,0
13249,264,0
13250,273,0
13251,281,0
13252,288,0
13253,295,0
13254,301,0
13255,306,0
13256,311,0
13257,316,0
13258,320,0
13259,323,0
13260,327,0
13261,329,0
13262,332,0
13263,334,0
13264,336,0
13265,338,0
13266,339,0
13267,341,0
13268,342,0
13269,343,0
13270,344,0
13271,344,0
13272,345,0
13273,346,0
13274,346,0
13275,347,0
13276,347,0
13277,347,0
13278,348,0
13279,348,0
13280,348,0
13281,348,0
13282,348,0
13283,349,0
13284,349,0
13285,349,0
13286,349,0
13287,349,0
13288,130,1
13289,139,1
13290,149,1
13291,158,1
13292,168,1
13293,178,1
13294,188,1
13295,198,1
13296,208,1
13297,218,1
13298,227,1
13299,236,1
13300,245,1
13301,254,1
13302,262,1
13303,270,1
13304,278,1
13305,285,1
13306,292,1
13307,298,1
13308,304,1
13309,309,1
13310,314,1
13311,319,1
13312,323,1
13313,327,1
13314,331,1
13315,334,1
13316,337,1
13317,340,1
13318,343,1
13319,345,1
13320,347,1
13321,349,1
13322,351,1
13323,352,1
13324,354,1
13325,355,1
13326,356,1
13327,357,1
13328,358,1
13329,359,1
13330,360,1
13331,0,0
13332,0,0
13333,0,0
13334,0,0
13335,0,0
13336,0,0
13337,0,0
13338,0,0
13339,0,0
13340,0,0
13341,0,0
13342,0,0
13343,0,0
13344,0,0
13345,0,0
13346,0,0
13347,0,0
13348,0,0
13349,0,0
13350,0,0
13351,0,0
13352,0,0
13353,0,0
13354,0,0
13355,0,0
13356,0,0
13357,0,0
13358,0,0
13359,0,0
13360,0,0
13361,0,0
13362,0,0
13363,0,0
13364,0,0
13365,0,0
13366,0,0
13367,0,0
13368,0,0
13369,0,0
13370,0,0
13371,0,0
13372,0,0
13373,0,0
13374,36,0
13375,36,0
13376,37,0
13377,37,0
13378,37,0
13379,37,0
13380,37,0
13381,37,0
13382,37,0
13383,37,0
13384,37,0
13385,37,0
13386,37,0
13387,37,0
13388,37,0
13389,37,0
13390,37,0
13391,37,0
13392,37,0
13393,37,0
13394,37,0
13395,37,0
13396,37,0
13397,37,0
13398,37,0
13399,37,0
13400,37,0
13401,37,0
13402,37,0
13403,37,0
13404,37,0
13405,37,0
13406,37,0
13407,37,0
13408,37,0
13409,37,0
13410,37,0
13411,37,0
13412,37,0
13413,37,0
13414,37,0
13415,37,0
13416,37,0
13417,8,1
13418,9,1
13419,9,1
13420,10,1
13421,10,1
13422,10,1
13423,10,1
13424,10,1
13425,10,1
13426,10,1
13427,10,1
13428,10,1
13429,10,1
13430,10,1
13431,10,1
13432,10,1
13433,10,1
13434,10,1
13435,10,1
13436,10,1
13437,10,1
13438,10,1
13439,10,1
13440,10,1
13441,10,1
13442,10,1
13443,10,1
13444,10,1
13445,10,1
13446,10,1
13447,10,1
13448,10,1
13449,10,1
13450,10,1
13451,10,1
13452,10,1
13453,10,1
13454,10,1
13455,10,1
13456,10,1
13457,10,1
13458,10,1
13459,10,1
